5641	3	1	-0.79346
5641	3	2	-0.72282
5641	3	3	-1.1507
5641	3	4	-1.2593
5641	3	5	-1.1293
5641	3	6	-1.7204
5641	3	7	-1.8905
5641	3	8	-1.8289
5641	3	9	-1.2071
5641	3	10	-1.13
5641	3	11	-1.4441
5641	3	12	-1.406
5641	3	13	-1.1594
5641	3	14	-1.1599
5641	3	15	-1.2878
5641	3	16	-0.85163
5641	3	17	-0.92525
5641	3	18	-0.78914
5641	3	19	-1.3369
5641	3	20	-1.5664
5641	3	21	-1.2087
5641	3	22	-1.6093
5641	3	23	-1.7531
5641	3	24	-1.758
5641	3	25	-1.6204
5641	3	26	-1.8012
5641	3	27	-1.9443
5641	3	28	-2.1064
5641	3	29	-2.1235
5641	3	30	-2.0531
5641	3	31	-1.8445
5641	3	32	-2.1241
5641	3	33	-1.9314
5641	3	34	-1.9622
5641	3	35	-1.713
5641	3	36	-1.7509
5641	3	37	-1.6296
5641	3	38	-1.3865
5641	3	39	-1.7515
5641	3	40	-1.3763
5641	3	41	-0.94793
5641	3	42	-1.2154
5641	3	43	-1.3163
5641	3	44	-1.4855
5641	3	45	-1.7739
5641	3	46	-1.1058
5641	3	47	-1.9344
5641	3	48	-1.5353
5641	3	49	-1.0951
5641	3	50	-1.7092
5641	3	51	-1.4659
5641	3	52	-1.2541
5641	3	53	-1.5393
5641	3	54	-1.5075
5641	3	55	-1.3383
5641	3	56	-1.5323
5641	3	57	-0.76116
5641	3	58	-0.020631
10888	3	1	-2.9237
10888	3	2	-2.3027
10888	3	3	-2.5953
10888	3	4	-2.6431
10888	3	5	-2.9831
10888	3	6	-1.9908
10888	3	7	-1.6091
10888	3	8	-1.9276
10888	3	9	-1.7989
10888	3	10	-1.979
10888	3	11	-1.7403
10888	3	12	-1.7994
10888	3	13	-2.4304
10888	3	14	-1.7085
10888	3	15	-3.0015
10888	3	16	-2.2597
10888	3	17	-2.5687
10888	3	18	-2.9699
10888	3	19	-2.6344
10888	3	20	-2.4365
10888	3	21	-2.1965
10888	3	22	-2.7078
10888	3	23	-2.4194
10888	3	24	-2.2789
10888	3	25	-2.5334
10888	3	26	-2.868
10888	3	27	-2.7163
10888	3	28	-2.2781
10888	3	29	-2.2212
10888	3	30	-1.7868
10888	3	31	-1.3285
10888	3	32	-2.3139
10888	3	33	-2.1579
10888	3	34	-1.3323
10888	3	35	-1.1929
10888	3	36	-1.3453
10888	3	37	-0.81118
10888	3	38	-0.61914
10888	3	39	-0.5528
10888	3	40	-1.433
10888	3	41	-3.2909
10888	3	42	-2.4675
10888	3	43	-2.3171
10888	3	44	-2.3398
10888	3	45	-1.9107
10888	3	46	-2.4868
10888	3	47	-1.9697
10888	3	48	-1.9728
10888	3	49	-2.222
10888	3	50	-1.2862
10888	3	51	-2.2955
10888	3	52	-1.826
10888	3	53	-1.412
10888	3	54	-1.9418
10888	3	55	-0.91909
10888	3	56	1.2252
10888	3	57	1.7191
10888	3	58	2.5376
2916	1	1	0.012875
2916	1	2	0.54291
2916	1	3	0.39255
2916	1	4	1.0531
2916	1	5	1.8504
2916	1	6	2.6788
2916	1	7	3.258
2916	1	8	3.2666
2916	1	9	2.8947
2916	1	10	2.5465
2916	1	11	2.5699
2916	1	12	1.7148
2916	1	13	1.4883
2916	1	14	1.1486
2916	1	15	0.95165
2916	1	16	0.60407
2916	1	17	1.0956
2916	1	18	-0.39961
2916	1	19	-1.4592
2916	1	20	-0.97673
2916	1	21	-1.0708
2916	1	22	-1.4571
2916	1	23	-1.5132
2916	1	24	-1.5329
2916	1	25	-2.1501
2916	1	26	-1.9411
2916	1	27	-2.0356
2916	1	28	-2.1392
2916	1	29	-2.2907
2916	1	30	-2.1826
2916	1	31	-2.1945
2916	1	32	-1.9167
2916	1	33	-2.3744
2916	1	34	-2.1768
2916	1	35	-2.6607
2916	1	36	-2.0388
2916	1	37	-1.8542
2916	1	38	-2.0915
2916	1	39	-1.7683
2916	1	40	-1.3575
2916	1	41	-1.8819
2916	1	42	-2.0613
2916	1	43	-1.8365
2916	1	44	-1.8292
2916	1	45	-1.9567
2916	1	46	-1.6103
2916	1	47	-1.8209
2916	1	48	-1.11
2916	1	49	-1.4996
2916	1	50	-0.98583
2916	1	51	-1.4011
2916	1	52	-1.4696
2916	1	53	-1.2322
2916	1	54	-1.1479
2916	1	55	-2.2176
2916	1	56	-2.191
2916	1	57	-2.4955
2916	1	58	-2.8947
4602	1	1	0.6648
4602	1	2	0.71952
4602	1	3	0.69399
4602	1	4	1.0951
4602	1	5	1.351
4602	1	6	2.0205
4602	1	7	2.0547
4602	1	8	2.1753
4602	1	9	2.3976
4602	1	10	2.1094
4602	1	11	2.0807
4602	1	12	1.742
4602	1	13	1.625
4602	1	14	1.4568
4602	1	15	1.0819
4602	1	16	1.6432
4602	1	17	1.1584
4602	1	18	1.2409
4602	1	19	0.3143
4602	1	20	0.58087
4602	1	21	0.58163
4602	1	22	0.39639
4602	1	23	0.094816
4602	1	24	-0.1501
4602	1	25	-0.29
4602	1	26	-0.20552
4602	1	27	-0.78168
4602	1	28	-0.65061
4602	1	29	-0.36965
4602	1	30	-0.6619
4602	1	31	-1.1946
4602	1	32	-1.1276
4602	1	33	-1.1635
4602	1	34	-1.3549
4602	1	35	-1.1001
4602	1	36	-1.2154
4602	1	37	-1.3714
4602	1	38	-1.6283
4602	1	39	-1.4729
4602	1	40	-0.67314
4602	1	41	-0.33132
4602	1	42	-0.39986
4602	1	43	-0.33167
4602	1	44	-0.83143
4602	1	45	-0.89797
4602	1	46	-0.75742
4602	1	47	-0.55735
4602	1	48	-0.41359
4602	1	49	-0.38334
4602	1	50	-0.82859
4602	1	51	-0.25305
4602	1	52	-0.88527
4602	1	53	-0.7697
4602	1	54	-0.49219
4602	1	55	-1.5014
4602	1	56	-1.7083
4602	1	57	-1.9584
4602	1	58	-1.5321
4795	3	1	-1.7925
4795	3	2	-1.9611
4795	3	3	-1.976
4795	3	4	-1.9186
4795	3	5	-1.9686
4795	3	6	-2.2917
4795	3	7	-1.9044
4795	3	8	-1.6386
4795	3	9	-2.0419
4795	3	10	-1.6748
4795	3	11	-2.1899
4795	3	12	-1.1541
4795	3	13	-2.0625
4795	3	14	-2.2392
4795	3	15	-1.9201
4795	3	16	-1.7523
4795	3	17	-1.8647
4795	3	18	-2.2165
4795	3	19	-1.8356
4795	3	20	-1.7325
4795	3	21	-1.5851
4795	3	22	-1.6729
4795	3	23	-1.3059
4795	3	24	-1.3808
4795	3	25	-1.2628
4795	3	26	-1.7965
4795	3	27	-1.7009
4795	3	28	-1.5518
4795	3	29	-1.6073
4795	3	30	-1.2234
4795	3	31	-0.91518
4795	3	32	-0.76311
4795	3	33	-1.1418
4795	3	34	-1.381
4795	3	35	-0.91266
4795	3	36	-1.1619
4795	3	37	-1.2233
4795	3	38	-1.1135
4795	3	39	-0.85427
4795	3	40	-1.2815
4795	3	41	-1.3147
4795	3	42	-1.0157
4795	3	43	-1.4202
4795	3	44	-1.2221
4795	3	45	-1.1709
4795	3	46	-2.1365
4795	3	47	-2.0055
4795	3	48	-1.93
4795	3	49	-1.8437
4795	3	50	-1.5225
4795	3	51	-1.9601
4795	3	52	-0.4449
4795	3	53	-0.94623
4795	3	54	-0.65994
4795	3	55	0.57873
4795	3	56	1.2035
4795	3	57	1.6094
4795	3	58	1.5759
7269	1	1	1.0482
7269	1	2	1.3086
7269	1	3	1.6183
7269	1	4	1.6691
7269	1	5	2.0618
7269	1	6	2.4132
7269	1	7	2.3888
7269	1	8	2.3113
7269	1	9	2.5517
7269	1	10	2.5471
7269	1	11	2.629
7269	1	12	2.0421
7269	1	13	1.8806
7269	1	14	1.4594
7269	1	15	1.5782
7269	1	16	1.4648
7269	1	17	1.3702
7269	1	18	0.93122
7269	1	19	0.26492
7269	1	20	0.58102
7269	1	21	0.1621
7269	1	22	-0.089822
7269	1	23	-0.34356
7269	1	24	-0.55483
7269	1	25	-0.82152
7269	1	26	-0.94071
7269	1	27	-1.5533
7269	1	28	-1.5751
7269	1	29	-1.3185
7269	1	30	-1.733
7269	1	31	-1.57
7269	1	32	-1.4701
7269	1	33	-1.1053
7269	1	34	-1.4502
7269	1	35	-0.59434
7269	1	36	-0.7028
7269	1	37	-0.52149
7269	1	38	-1.155
7269	1	39	-1.1425
7269	1	40	-0.70915
7269	1	41	-1.1731
7269	1	42	-0.7073
7269	1	43	-0.85389
7269	1	44	-1.2348
7269	1	45	-1.0732
7269	1	46	-0.64193
7269	1	47	-0.94265
7269	1	48	-0.32552
7269	1	49	-0.48599
7269	1	50	-0.49183
7269	1	51	-1.0672
7269	1	52	-0.92053
7269	1	53	-1.1667
7269	1	54	-1.3988
7269	1	55	-1.5481
7269	1	56	-1.9106
7269	1	57	-2.0763
7269	1	58	-2.2972
1078	1	1	0.79292
1078	1	2	0.9523
1078	1	3	1.3392
1078	1	4	1.4554
1078	1	5	1.8893
1078	1	6	2.2347
1078	1	7	2.2338
1078	1	8	2.1101
1078	1	9	2.1066
1078	1	10	1.9989
1078	1	11	2.0791
1078	1	12	1.5794
1078	1	13	1.3979
1078	1	14	1.0516
1078	1	15	1.2115
1078	1	16	0.97424
1078	1	17	1.0062
1078	1	18	0.20274
1078	1	19	-0.20633
1078	1	20	-0.20398
1078	1	21	-0.46979
1078	1	22	-0.93601
1078	1	23	-0.74061
1078	1	24	-0.67741
1078	1	25	-0.95927
1078	1	26	-1.047
1078	1	27	-1.372
1078	1	28	-1.6804
1078	1	29	-1.5373
1078	1	30	-1.6602
1078	1	31	-1.1499
1078	1	32	-1.5344
1078	1	33	-1.7358
1078	1	34	-1.2336
1078	1	35	-0.93484
1078	1	36	-1.103
1078	1	37	-1.0708
1078	1	38	-1.1203
1078	1	39	-0.61519
1078	1	40	-1.3955
1078	1	41	-0.49976
1078	1	42	-0.7862
1078	1	43	-0.57059
1078	1	44	-0.90059
1078	1	45	-0.56299
1078	1	46	-1.1129
1078	1	47	-0.64078
1078	1	48	-0.48783
1078	1	49	-0.62334
1078	1	50	-0.26929
1078	1	51	-0.50791
1078	1	52	-0.73632
1078	1	53	-0.50362
1078	1	54	-1.0207
1078	1	55	-1.7806
1078	1	56	-1.4889
1078	1	57	-1.7085
1078	1	58	-1.6877
1745	1	1	0.84809
1745	1	2	1.376
1745	1	3	2.1127
1745	1	4	1.9301
1745	1	5	2.6181
1745	1	6	2.6503
1745	1	7	2.2885
1745	1	8	1.8839
1745	1	9	0.92443
1745	1	10	0.92023
1745	1	11	1.1347
1745	1	12	1.1064
1745	1	13	0.96041
1745	1	14	1.2286
1745	1	15	0.88536
1745	1	16	0.92572
1745	1	17	0.80553
1745	1	18	-0.076896
1745	1	19	-0.31587
1745	1	20	-0.25326
1745	1	21	-0.46411
1745	1	22	-0.65685
1745	1	23	-0.92195
1745	1	24	-0.64383
1745	1	25	-1.0379
1745	1	26	-1.216
1745	1	27	-1.3579
1745	1	28	-1.2745
1745	1	29	-1.3508
1745	1	30	-1.4414
1745	1	31	-1.031
1745	1	32	-1.5037
1745	1	33	-1.7109
1745	1	34	-1.1026
1745	1	35	-1.2745
1745	1	36	-1.3144
1745	1	37	-1.7634
1745	1	38	-1.5522
1745	1	39	-1.004
1745	1	40	-1.1416
1745	1	41	-0.89195
1745	1	42	-1.0741
1745	1	43	-1.1459
1745	1	44	-0.89495
1745	1	45	-1.1294
1745	1	46	-0.67528
1745	1	47	-0.72801
1745	1	48	-0.53878
1745	1	49	-0.1955
1745	1	50	-0.3293
1745	1	51	-0.55041
1745	1	52	-0.9832
1745	1	53	-0.55637
1745	1	54	-0.81295
1745	1	55	-1.7716
1745	1	56	-1.5527
1745	1	57	-1.8052
1745	1	58	-2.1866
13124	3	1	-2.4971
13124	3	2	-2.5373
13124	3	3	-2.4136
13124	3	4	-2.2974
13124	3	5	-2.2307
13124	3	6	-2.1471
13124	3	7	-1.8089
13124	3	8	-1.7506
13124	3	9	-1.6594
13124	3	10	-1.5625
13124	3	11	-1.5174
13124	3	12	-1.7709
13124	3	13	-1.6885
13124	3	14	-2.0027
13124	3	15	-2.1217
13124	3	16	-1.7514
13124	3	17	-1.8223
13124	3	18	-1.7503
13124	3	19	-1.1565
13124	3	20	-1.4987
13124	3	21	-1.4364
13124	3	22	-1.5246
13124	3	23	-1.1547
13124	3	24	-0.85294
13124	3	25	-0.97046
13124	3	26	-0.4414
13124	3	27	-0.27693
13124	3	28	-0.29009
13124	3	29	-0.58615
13124	3	30	-0.53882
13124	3	31	-0.65488
13124	3	32	-0.35291
13124	3	33	-0.64562
13124	3	34	-0.70815
13124	3	35	-0.68461
13124	3	36	-1.0094
13124	3	37	-1.0507
13124	3	38	-1.071
13124	3	39	-0.84101
13124	3	40	-1.0441
13124	3	41	-0.85233
13124	3	42	-1.2883
13124	3	43	-1.3098
13124	3	44	-1.3918
13124	3	45	-0.62437
13124	3	46	-1.2385
13124	3	47	-1.7198
13124	3	48	-0.84072
13124	3	49	-1.1826
13124	3	50	-0.90406
13124	3	51	-0.99757
13124	3	52	-0.92359
13124	3	53	-0.88185
13124	3	54	-0.76023
13124	3	55	-0.36434
13124	3	56	-0.029165
13124	3	57	0.66863
13124	3	58	0.66612
7397	3	1	-2.935
7397	3	2	-2.8941
7397	3	3	-2.595
7397	3	4	-2.9575
7397	3	5	-2.7484
7397	3	6	-2.6137
7397	3	7	-2.4772
7397	3	8	-2.2623
7397	3	9	-2.5435
7397	3	10	-2.301
7397	3	11	-2.513
7397	3	12	-1.4675
7397	3	13	-2.4154
7397	3	14	-2.374
7397	3	15	-1.6868
7397	3	16	-2.2708
7397	3	17	-2.1148
7397	3	18	-2.0927
7397	3	19	-2.3797
7397	3	20	-2.2327
7397	3	21	-1.9034
7397	3	22	-2.0437
7397	3	23	-1.9306
7397	3	24	-1.309
7397	3	25	-1.7931
7397	3	26	-1.8825
7397	3	27	-1.3705
7397	3	28	-1.288
7397	3	29	-1.8199
7397	3	30	-1.627
7397	3	31	-2.1355
7397	3	32	-2.1393
7397	3	33	-2.6322
7397	3	34	-1.9628
7397	3	35	-2.3385
7397	3	36	-2.0218
7397	3	37	-2.2874
7397	3	38	-2.0252
7397	3	39	-1.8153
7397	3	40	-2.3615
7397	3	41	-3.1811
7397	3	42	-2.5212
7397	3	43	-2.5742
7397	3	44	-2.3961
7397	3	45	-2.9316
7397	3	46	-2.8931
7397	3	47	-2.3292
7397	3	48	-2.4506
7397	3	49	-2.6527
7397	3	50	-2.3129
7397	3	51	-2.6529
7397	3	52	-2.3822
7397	3	53	-2.1897
7397	3	54	-2.8689
7397	3	55	-2.0812
7397	3	56	0.32188
7397	3	57	1.3789
7397	3	58	1.8227
6866	3	1	-2.2204
6866	3	2	-2.1197
6866	3	3	-2.0283
6866	3	4	-1.7947
6866	3	5	-1.1938
6866	3	6	-1.2809
6866	3	7	-1.6594
6866	3	8	-1.86
6866	3	9	-1.9558
6866	3	10	-2.0185
6866	3	11	-2.2633
6866	3	12	-2.0099
6866	3	13	-2.1414
6866	3	14	-2.0686
6866	3	15	-1.6393
6866	3	16	-1.4278
6866	3	17	-1.5052
6866	3	18	-1.2922
6866	3	19	-1.1492
6866	3	20	-1.1816
6866	3	21	-1.3116
6866	3	22	-1.4018
6866	3	23	-1.133
6866	3	24	-1.1776
6866	3	25	-0.92822
6866	3	26	-0.83618
6866	3	27	-0.33538
6866	3	28	-0.55901
6866	3	29	-0.47966
6866	3	30	-0.53473
6866	3	31	-1.1856
6866	3	32	-1.8321
6866	3	33	-1.8238
6866	3	34	-1.3965
6866	3	35	-1.2294
6866	3	36	-1.5218
6866	3	37	-0.51136
6866	3	38	-1.1256
6866	3	39	-0.99192
6866	3	40	-1.402
6866	3	41	-0.62486
6866	3	42	-0.38479
6866	3	43	-0.7805
6866	3	44	-0.80139
6866	3	45	-0.66597
6866	3	46	-0.3756
6866	3	47	-1.0019
6866	3	48	-0.47293
6866	3	49	-0.67972
6866	3	50	-0.47457
6866	3	51	-0.65573
6866	3	52	-0.26031
6866	3	53	-0.3687
6866	3	54	-0.56012
6866	3	55	0.75234
6866	3	56	0.54986
6866	3	57	1.0801
6866	3	58	1.0315
1744	3	1	-2.2727
1744	3	2	-2.6149
1744	3	3	-2.0871
1744	3	4	-2.1624
1744	3	5	-1.8717
1744	3	6	-1.8731
1744	3	7	-1.6399
1744	3	8	-1.5838
1744	3	9	-1.2569
1744	3	10	-1.2291
1744	3	11	-1.105
1744	3	12	-1.3092
1744	3	13	-1.1471
1744	3	14	-1.4367
1744	3	15	-2.0917
1744	3	16	-1.1912
1744	3	17	-1.2659
1744	3	18	-2.0436
1744	3	19	-1.7859
1744	3	20	-1.7299
1744	3	21	-1.8774
1744	3	22	-2.3822
1744	3	23	-2.2119
1744	3	24	-1.8291
1744	3	25	-2.0212
1744	3	26	-1.6686
1744	3	27	-1.7595
1744	3	28	-1.7209
1744	3	29	-1.7115
1744	3	30	-1.5953
1744	3	31	-1.7217
1744	3	32	-1.4696
1744	3	33	-1.4471
1744	3	34	-1.0806
1744	3	35	-1.5074
1744	3	36	-1.2352
1744	3	37	-1.3727
1744	3	38	-1.1228
1744	3	39	-1.2331
1744	3	40	-1.1951
1744	3	41	-0.29478
1744	3	42	-1.3315
1744	3	43	-1.5556
1744	3	44	-1.0823
1744	3	45	-0.87551
1744	3	46	-1.3008
1744	3	48	-0.19811
1744	3	49	-0.45936
1744	3	50	-0.27704
1744	3	51	-0.34483
1744	3	52	-1.0286
1744	3	53	0.4811
1744	3	54	0.72541
1744	3	55	1.9851
1744	3	56	2.2727
1744	3	57	2.4818
1744	3	58	2.0396
4294	3	1	-2.7475
4294	3	2	-2.5094
4294	3	3	-2.427
4294	3	4	-2.0922
4294	3	5	-2.0596
4294	3	6	-1.7612
4294	3	7	-1.7399
4294	3	8	-1.7083
4294	3	9	-1.3598
4294	3	10	-1.2163
4294	3	11	-1.4821
4294	3	12	-1.9341
4294	3	13	-1.6585
4294	3	14	-1.788
4294	3	15	-1.7361
4294	3	16	-1.4663
4294	3	17	-1.5466
4294	3	18	-1.3588
4294	3	19	-1.4329
4294	3	20	-1.4414
4294	3	21	-1.5503
4294	3	22	-1.8134
4294	3	23	-1.6691
4294	3	24	-1.7187
4294	3	25	-1.9935
4294	3	26	-1.792
4294	3	27	-1.4476
4294	3	28	-1.4945
4294	3	29	-1.9585
4294	3	30	-1.5737
4294	3	31	-1.5261
4294	3	32	-1.5481
4294	3	33	-1.5125
4294	3	34	-1.6459
4294	3	35	-2.3148
4294	3	36	-1.6525
4294	3	37	-2.5251
4294	3	38	-2.5696
4294	3	39	-2.1973
4294	3	40	-1.3856
4294	3	41	-1.7097
4294	3	42	-1.4321
4294	3	43	-1.2026
4294	3	44	-1.5029
4294	3	45	-1.0703
4294	3	46	-1.4015
4294	3	47	-1.3826
4294	3	48	-1.3404
4294	3	49	-1.4686
4294	3	50	-1.4942
4294	3	51	-1.2091
4294	3	52	-0.93255
4294	3	53	-1.3839
4294	3	54	-1.5552
4294	3	55	-1.3285
4294	3	56	-0.068597
4294	3	57	0.63569
4294	3	58	0.78854
6020	2	1	-0.72444
6020	2	2	-0.76817
6020	2	3	-1.004
6020	2	4	-0.8603
6020	2	5	-0.78179
6020	2	6	-0.41719
6020	2	7	-0.53807
6020	2	8	-0.53256
6020	2	9	-0.67077
6020	2	10	-1.1659
6020	2	11	-1.1104
6020	2	12	-1.1296
6020	2	13	-1.2649
6020	2	14	-1.1946
6020	2	15	-1.1507
6020	2	16	-0.75183
6020	2	17	-0.72139
6020	2	18	-0.47571
6020	2	19	-0.48232
6020	2	20	-0.36371
6020	2	21	-0.16425
6020	2	22	0.15927
6020	2	23	0.32528
6020	2	24	-0.044916
6020	2	25	0.63644
6020	2	26	0.35244
6020	2	27	0.34664
6020	2	28	0.63471
6020	2	29	0.31018
6020	2	30	0.41415
6020	2	31	0.13964
6020	2	32	0.11521
6020	2	33	0.50556
6020	2	34	-0.17909
6020	2	35	0.54732
6020	2	36	-0.34159
6020	2	37	0.54648
6020	2	38	0.25057
6020	2	39	-0.56087
6020	2	40	-1.5746
6020	2	41	-0.37623
6020	2	42	-1.3944
6020	2	43	-1.4232
6020	2	44	-1.7043
6020	2	45	-1.586
6020	2	46	-1.2329
6020	2	47	-2.2449
6020	2	48	-1.5766
6020	2	49	-1.3626
6020	2	50	-1.9903
6020	2	51	-1.7058
6020	2	52	-1.0173
6020	2	53	-1.3015
6020	2	54	-0.76902
6020	2	55	0.3175
6020	2	56	0.74246
6020	2	57	0.87454
6020	2	58	1.1087
12558	3	1	-1.9098
12558	3	2	-2.2504
12558	3	3	-2.3542
12558	3	4	-1.7173
12558	3	5	-1.7936
12558	3	6	-1.925
12558	3	7	-1.935
12558	3	8	-1.8081
12558	3	9	-2.1531
12558	3	10	-1.4244
12558	3	11	-1.848
12558	3	12	-1.1934
12558	3	13	-1.1576
12558	3	14	-2.0252
12558	3	15	-2.3111
12558	3	16	-1.9399
12558	3	17	-1.9278
12558	3	18	-2.3593
12558	3	19	-2.3845
12558	3	20	-2.3021
12558	3	21	-1.9214
12558	3	22	-2.2228
12558	3	23	-1.9805
12558	3	24	-2.235
12558	3	25	-2.041
12558	3	26	-2.2422
12558	3	27	-1.6459
12558	3	28	-1.9747
12558	3	29	-2.1425
12558	3	30	-2.3564
12558	3	31	-1.0808
12558	3	32	-1.5839
12558	3	33	-1.0907
12558	3	34	-1.8253
12558	3	35	-1.0533
12558	3	36	-1.059
12558	3	37	-1.3892
12558	3	38	-0.93776
12558	3	39	-0.8534
12558	3	40	-1.434
12558	3	41	-1.2886
12558	3	42	-1.2159
12558	3	43	-1.3142
12558	3	44	-0.68278
12558	3	45	-0.047018
12558	3	46	-0.47469
12558	3	47	-1.3302
12558	3	48	1.0768
12558	3	49	0.59085
12558	3	50	-0.84664
12558	3	51	-1.1913
12558	3	52	-1.0452
12558	3	53	-1.5946
12558	3	54	-1.5418
12558	3	55	-1.2384
12558	3	56	-1.0844
12558	3	57	-0.98738
12558	3	58	-1.1304
4550	3	1	-3.778
4550	3	2	-3.7013
4550	3	3	-3.4236
4550	3	4	-3.8591
4550	3	5	-4.2063
4550	3	6	-4.177
4550	3	7	-4.1718
4550	3	8	-4.2285
4550	3	9	-4.428
4550	3	10	-4.0572
4550	3	11	-4.1206
4550	3	12	-3.5574
4550	3	13	-4.2401
4550	3	14	-4.12
4550	3	15	-3.6542
4550	3	16	-3.2404
4550	3	17	-3.3338
4550	3	18	-3.7621
4550	3	19	-3.5018
4550	3	20	-3.1215
4550	3	21	-2.4137
4550	3	22	-2.9459
4550	3	23	-2.9292
4550	3	24	-2.2957
4550	3	25	-2.3441
4550	3	26	-3.0366
4550	3	27	-2.4036
4550	3	28	-2.335
4550	3	29	-2.5374
4550	3	30	-1.9795
4550	3	31	-2.1784
4550	3	32	-2.461
4550	3	33	-2.5887
4550	3	34	-2.3384
4550	3	35	-2.1609
4550	3	36	-2.1472
4550	3	37	-1.7959
4550	3	38	-1.1212
4550	3	39	-1.6657
4550	3	40	-3.1536
4550	3	41	-2.9683
4550	3	42	-4.4004
4550	3	43	-4.2828
4550	3	44	-4.8756
4550	3	45	-4.5265
4550	3	46	-4.3486
4550	3	47	-3.9635
4550	3	48	-4.9043
4550	3	49	-4.0765
4550	3	50	-3.6007
4550	3	51	-4.404
4550	3	52	-3.9554
4550	3	53	-3.1806
4550	3	54	-3.6648
4550	3	55	-3.014
4550	3	56	1.7581
4550	3	57	2.3147
4550	3	58	3.1392
17907	3	1	-2.2106
17907	3	2	-2.3216
17907	3	3	-2.6404
17907	3	4	-2.0838
17907	3	5	-2.368
17907	3	6	-2.4199
17907	3	7	-1.9293
17907	3	8	-2.1786
17907	3	9	-2.0776
17907	3	10	-1.9324
17907	3	11	-2.4206
17907	3	12	-2.0579
17907	3	13	-2.4495
17907	3	14	-2.2969
17907	3	15	-2.9193
17907	3	16	-1.3253
17907	3	17	-2.2407
17907	3	18	-1.8839
17907	3	19	-1.8358
17907	3	20	-2.2464
17907	3	21	-1.952
17907	3	22	-2.048
17907	3	23	-1.7441
17907	3	24	-1.308
17907	3	25	-1.9929
17907	3	26	-2.0884
17907	3	27	-1.9483
17907	3	28	-1.7738
17907	3	29	-1.7972
17907	3	30	-1.2237
17907	3	31	-1.4877
17907	3	32	-1.2919
17907	3	33	-1.5378
17907	3	34	-0.95394
17907	3	35	-1.4501
17907	3	36	-0.81707
17907	3	37	-1.2893
17907	3	38	-0.96707
17907	3	39	-0.20339
17907	3	40	-1.6816
17907	3	41	-0.51592
17907	3	42	-2.4516
17907	3	43	-2.0551
17907	3	44	-1.5648
17907	3	45	-1.4546
17907	3	46	-1.7113
17907	3	47	-1.1216
17907	3	48	-1.9126
17907	3	49	-1.5625
17907	3	50	-1.7861
17907	3	51	-2.0267
17907	3	52	-1.2595
17907	3	53	-1.7043
17907	3	54	-1.2201
17907	3	55	-1.2529
17907	3	56	0.5353
17907	3	57	0.87361
17907	3	58	0.60546
9772	3	1	-0.38784
9772	3	2	-0.71272
9772	3	3	-0.58395
9772	3	4	-0.58439
9772	3	5	-0.45742
9772	3	6	-1.0198
9772	3	7	-1.4433
9772	3	8	-1.5137
9772	3	9	-1.4051
9772	3	10	-1.0695
9772	3	11	-1.1391
9772	3	12	-1.6012
9772	3	13	-0.86499
9772	3	14	-1.2874
9772	3	15	-1.066
9772	3	16	-0.60874
9772	3	17	-0.59527
9772	3	18	-0.12706
9772	3	19	-0.55067
9772	3	20	-0.46257
9772	3	21	-0.31258
9772	3	22	-0.52803
9772	3	23	-0.54244
9772	3	24	-0.67885
9772	3	25	-0.76104
9772	3	26	-1.0072
9772	3	27	-1.6537
9772	3	28	-1.8046
9772	3	29	-1.3995
9772	3	30	-1.5469
9772	3	31	-2.078
9772	3	32	-1.8745
9772	3	33	-1.673
9772	3	34	-2.0578
9772	3	35	-1.5238
9772	3	36	-1.5538
9772	3	37	-1.2933
9772	3	38	-1.7632
9772	3	39	-1.6508
9772	3	40	-1.5172
9772	3	41	-0.64418
9772	3	42	-1.155
9772	3	43	-0.99452
9772	3	44	-1.0034
9772	3	45	-1.0511
9772	3	46	-1.0011
9772	3	47	-0.97482
9772	3	48	-1.0189
9772	3	49	-0.8697
9772	3	50	-0.66891
9772	3	51	-1.0655
9772	3	52	-0.10921
9772	3	53	-0.42596
9772	3	54	-0.52896
9772	3	55	0.17541
9772	3	56	-0.50596
9772	3	57	-0.48372
9772	3	58	-0.62951
2088	3	1	-0.54359
2088	3	2	-0.65546
2088	3	3	-0.74479
2088	3	4	-0.61564
2088	3	5	-0.86965
2088	3	6	-1.2706
2088	3	7	-1.2448
2088	3	8	-1.1392
2088	3	9	-1.3068
2088	3	10	-0.9382
2088	3	11	-1.4724
2088	3	12	-0.84077
2088	3	13	-1.2435
2088	3	14	-1.1408
2088	3	15	-1.284
2088	3	16	-1.0574
2088	3	17	-1.2419
2088	3	18	-1.1373
2088	3	19	-1.0329
2088	3	20	-0.99262
2088	3	21	-0.70482
2088	3	22	-0.82487
2088	3	23	-0.55322
2088	3	24	-0.52084
2088	3	25	-1.2845
2088	3	26	-1.0749
2088	3	27	-1.0902
2088	3	28	-1.1671
2088	3	29	-0.75964
2088	3	30	-0.87079
2088	3	31	-0.52594
2088	3	32	-0.017274
2088	3	33	-1.9159
2088	3	34	-0.18597
2088	3	35	-0.61599
2088	3	36	-0.70537
2088	3	37	-0.60526
2088	3	38	-0.66251
2088	3	39	-0.32633
2088	3	40	-1.3035
2088	3	41	-0.92662
2088	3	42	-1.6479
2088	3	43	-1.2818
2088	3	44	-0.7126
2088	3	45	-0.92059
2088	3	46	-1.8693
2088	3	47	-1.3506
2088	3	48	-1.0264
2088	3	49	-0.99432
2088	3	50	-0.59921
2088	3	51	-1.2595
2088	3	52	-0.24357
2088	3	53	-0.43002
2088	3	54	0.083507
2088	3	55	-0.033828
2088	3	56	0.46972
2088	3	57	0.21572
2088	3	58	0.97072
10417	1	1	0.97492
10417	1	2	1.0717
10417	1	3	1.2324
10417	1	4	1.2593
10417	1	5	1.685
10417	1	6	2.0139
10417	1	7	2.2429
10417	1	8	2.2013
10417	1	9	2.2248
10417	1	10	2.0139
10417	1	11	2.4604
10417	1	12	1.5907
10417	1	13	1.3883
10417	1	14	1.1179
10417	1	15	1.0831
10417	1	16	0.96327
10417	1	17	1.0842
10417	1	18	0.4454
10417	1	19	-0.024521
10417	1	20	0.38816
10417	1	21	0.15865
10417	1	22	-0.21118
10417	1	23	-0.48191
10417	1	24	-0.46717
10417	1	25	-0.47723
10417	1	26	-0.40083
10417	1	27	-0.55778
10417	1	28	-0.74242
10417	1	29	-0.37738
10417	1	30	-0.63417
10417	1	31	-0.48312
10417	1	32	-0.65404
10417	1	33	-0.79972
10417	1	34	-0.57369
10417	1	35	-1.3658
10417	1	36	-1.0051
10417	1	37	-1.5472
10417	1	38	-1.461
10417	1	39	-1.4412
10417	1	40	-0.87002
10417	1	41	-1.143
10417	1	42	-0.9128
10417	1	43	-0.66796
10417	1	44	-0.83015
10417	1	45	-1.0066
10417	1	46	-0.93714
10417	1	47	-1.127
10417	1	48	-0.72119
10417	1	49	-0.76209
10417	1	50	-0.69445
10417	1	51	-0.62477
10417	1	52	-0.68916
10417	1	53	-0.63353
10417	1	54	-1.2612
10417	1	55	-1.6555
10417	1	56	-1.7668
10417	1	57	-1.9891
10417	1	58	-1.6532
3966	3	1	-1.8578
3966	3	2	-1.8985
3966	3	3	-2.1196
3966	3	4	-1.7855
3966	3	5	-2.0354
3966	3	6	-1.9596
3966	3	7	-1.0689
3966	3	8	-1.4064
3966	3	9	-1.4869
3966	3	10	-1.5505
3966	3	11	-1.8055
3966	3	12	-1.7008
3966	3	13	-2.0745
3966	3	14	-1.83
3966	3	15	-1.9553
3966	3	16	-1.6857
3966	3	17	-1.9451
3966	3	18	-2.0127
3966	3	19	-1.868
3966	3	20	-1.5625
3966	3	21	-1.9624
3966	3	22	-1.9119
3966	3	23	-1.9749
3966	3	24	-1.6513
3966	3	25	-1.6689
3966	3	26	-1.7814
3966	3	27	-1.8707
3966	3	28	-1.6933
3966	3	29	-1.5086
3966	3	30	-1.5261
3966	3	31	-0.16813
3966	3	32	-0.73535
3966	3	33	-0.9151
3966	3	34	-0.40462
3966	3	35	-0.48592
3966	3	36	-0.39817
3966	3	37	-1.0161
3966	3	38	-0.24353
3966	3	39	0.10998
3966	3	40	-0.78803
3966	3	41	-0.52916
3966	3	42	-1.0944
3966	3	43	-0.90698
3966	3	44	-0.36188
3966	3	45	-0.64918
3966	3	46	-1.019
3966	3	47	-1.2155
3966	3	48	-0.96465
3966	3	49	-0.85491
3966	3	50	-0.78928
3966	3	51	-0.81293
3966	3	52	-0.64781
3966	3	53	-0.78736
3966	3	54	-0.48355
3966	3	55	0.39936
3966	3	56	2.5213
3966	3	57	1.2019
3966	3	58	-0.070349
8606	1	1	0.86305
8606	1	2	0.73865
8606	1	3	1.0447
8606	1	4	1.2953
8606	1	5	2.0084
8606	1	6	2.0611
8606	1	7	2.4025
8606	1	8	2.2306
8606	1	9	2.5086
8606	1	10	2.5674
8606	1	11	2.5404
8606	1	12	2.4038
8606	1	13	2.5399
8606	1	14	2.3899
8606	1	15	2.7886
8606	1	16	2.5011
8606	1	17	3.0747
8606	1	18	1.3217
8606	1	19	0.092391
8606	1	20	0.19143
8606	1	21	0.16806
8606	1	22	-0.58406
8606	1	23	-0.57016
8606	1	24	-0.56912
8606	1	25	-1.2479
8606	1	26	-0.89981
8606	1	27	-1.0149
8606	1	28	-1.0868
8606	1	29	-0.71627
8606	1	30	-0.88356
8606	1	31	-0.76246
8606	1	32	-1.1053
8606	1	33	-1.6964
8606	1	34	-1.0147
8606	1	35	-1.4891
8606	1	36	-0.85
8606	1	37	-0.49243
8606	1	38	-0.65674
8606	1	39	-0.26814
8606	1	40	-0.26076
8606	1	41	-0.26291
8606	1	42	-1.0745
8606	1	43	-1.047
8606	1	44	-0.69626
8606	1	45	-0.4487
8606	1	46	-0.44785
8606	1	47	-0.084818
8606	1	48	0.48961
8606	1	49	0.48843
8606	1	50	0.8026
8606	1	51	1.0675
8606	1	52	-1.6418
8606	1	53	-0.35512
8606	1	54	-0.57959
8606	1	55	-1.7847
8606	1	56	-1.4698
8606	1	57	-1.5665
8606	1	58	-2.2529
14722	1	1	0.35404
14722	1	2	0.20618
14722	1	3	0.45756
14722	1	4	0.8705
14722	1	5	1.0183
14722	1	6	1.4905
14722	1	7	1.5019
14722	1	8	1.6652
14722	1	9	1.6308
14722	1	10	1.5357
14722	1	11	1.6721
14722	1	12	1.1555
14722	1	13	0.95899
14722	1	14	1.4377
14722	1	15	1.0575
14722	1	16	1.1023
14722	1	17	1.0022
14722	1	18	0.64513
14722	1	19	0.32201
14722	1	20	0.16842
14722	1	21	0.034455
14722	1	22	-0.090135
14722	1	23	-0.4606
14722	1	24	-0.6877
14722	1	25	-0.71392
14722	1	26	-0.65058
14722	1	27	-0.66523
14722	1	28	-0.54618
14722	1	29	-0.82859
14722	1	30	-0.86747
14722	1	31	-1.1282
14722	1	32	-1.7028
14722	1	33	-0.99836
14722	1	34	-1.2961
14722	1	35	-0.56379
14722	1	36	-0.99903
14722	1	37	-0.92851
14722	1	38	-1.3723
14722	1	39	-1.4075
14722	1	40	-1.2459
14722	1	41	-0.344
14722	1	42	-0.98982
14722	1	43	-1.0033
14722	1	44	-1.2384
14722	1	45	-1.1863
14722	1	46	-1.175
14722	1	47	-1.6308
14722	1	48	-1.5412
14722	1	49	-1.0187
14722	1	50	-1.07
14722	1	51	-1.2885
14722	1	52	-0.80448
14722	1	53	-1.2782
14722	1	54	-1.06
14722	1	55	-0.99544
14722	1	56	-1.1429
14722	1	57	-1.0468
14722	1	58	-1.5905
5711	3	1	-1.8451
5711	3	2	-2.0949
5711	3	3	-2.2672
5711	3	4	-2.3024
5711	3	5	-1.708
5711	3	6	-1.6447
5711	3	7	-1.8971
5711	3	8	-2.0226
5711	3	9	-2.0946
5711	3	10	-1.5226
5711	3	11	-1.8791
5711	3	12	-1.7306
5711	3	13	-1.4611
5711	3	14	-1.8045
5711	3	15	-1.4203
5711	3	16	-1.6994
5711	3	17	-1.5835
5711	3	18	-1.5248
5711	3	19	-1.8595
5711	3	20	-1.7914
5711	3	21	-1.5399
5711	3	22	-1.6443
5711	3	23	-1.2062
5711	3	24	-1.2156
5711	3	25	-1.1959
5711	3	26	-1.0254
5711	3	27	-1.0114
5711	3	28	-1.1722
5711	3	29	-1.3578
5711	3	30	-0.97305
5711	3	31	-0.67548
5711	3	33	-0.47264
5711	3	34	-0.29619
5711	3	36	-0.4131
5711	3	37	-0.74616
5711	3	38	-0.8259
5711	3	39	-1.3027
5711	3	40	-1.2955
5711	3	41	-1.5403
5711	3	43	-1.5539
5711	3	44	-1.6726
5711	3	45	-1.9712
5711	3	46	-1.2532
5711	3	47	-2.3553
5711	3	48	-1.6145
5711	3	49	-1.8022
5711	3	50	-1.9177
5711	3	51	-2.2349
5711	3	53	-1.8872
5711	3	54	-2.1151
5711	3	55	-1.6481
5711	3	56	-1.0895
5711	3	57	-0.11998
5711	3	58	0.82429
15634	1	1	1.0031
15634	1	2	0.89532
15634	1	3	0.18505
15634	1	4	2.6189
15634	1	5	4.174
15634	1	6	4.8863
15634	1	7	3.6903
15634	1	8	2.5679
15634	1	9	-0.5557
15634	1	10	-1.3196
15634	1	11	-0.91746
15634	1	12	-1.4929
15634	1	13	-3.0427
15634	1	14	-2.378
15634	1	15	-1.7144
15634	1	16	-1.8245
15634	1	17	-2.2278
15634	1	18	-3.3753
15634	1	19	-3.026
15634	1	20	-1.982
15634	1	21	-2.4781
15634	1	22	-2.6698
15634	1	23	-3.1143
15634	1	24	-2.7738
15634	1	25	-2.6823
15634	1	26	-3.3244
15634	1	27	-3.3223
15634	1	28	-3.4011
15634	1	29	-3.223
15634	1	30	-2.8073
15634	1	31	-2.6632
15634	1	32	-2.5265
15634	1	33	-3.0611
15634	1	34	-2.5951
15634	1	35	-2.7975
15634	1	36	-2.1079
15634	1	37	-2.3848
15634	1	38	-1.8038
15634	1	39	-1.6098
15634	1	40	-2.2318
15634	1	41	-0.7009
15634	1	42	-2.8811
15634	1	43	-2.5688
15634	1	44	-3.0257
15634	1	45	-2.6368
15634	1	46	-2.5873
15634	1	47	-2.6786
15634	1	48	-3.1108
15634	1	49	-2.387
15634	1	50	-2.0863
15634	1	51	-3.1362
15634	1	52	-2.7512
15634	1	53	-2.326
15634	1	54	-2.3103
15634	1	55	-2.4037
15634	1	56	-2.8056
15634	1	57	-2.865
15634	1	58	-3.0461
18404	3	1	-1.7452
18404	3	2	-1.621
18404	3	3	-1.85
18404	3	4	-1.8237
18404	3	5	-1.9213
18404	3	6	-1.7725
18404	3	7	-2.039
18404	3	8	-2.2283
18404	3	9	-2.1167
18404	3	10	-2.0428
18404	3	11	-2.4272
18404	3	12	-1.881
18404	3	13	-2.1481
18404	3	14	-2.0699
18404	3	15	-1.8183
18404	3	16	-2.1091
18404	3	17	-2.4895
18404	3	18	-2.4064
18404	3	19	-1.8772
18404	3	20	-2.0244
18404	3	21	-2.001
18404	3	22	-2.0067
18404	3	23	-2.7635
18404	3	24	-2.2521
18404	3	25	-2.5578
18404	3	26	-2.676
18404	3	27	-2.5018
18404	3	28	-2.4063
18404	3	29	-2.9202
18404	3	30	-2.4185
18404	3	31	-1.2527
18404	3	32	-1.4148
18404	3	33	-1.9804
18404	3	34	-1.5345
18404	3	35	-1.6964
18404	3	36	-1.4762
18404	3	37	-1.3606
18404	3	38	-0.64196
18404	3	39	-1.4378
18404	3	40	-2.0101
18404	3	41	-2.5716
18404	3	42	-2.6758
18404	3	43	-2.0284
18404	3	44	-2.2688
18404	3	45	-2.2123
18404	3	46	-2.8862
18404	3	47	-2.6285
18404	3	48	-2.6445
18404	3	49	-1.966
18404	3	50	-1.872
18404	3	51	-2.6848
18404	3	52	-2.0878
18404	3	53	-2.0086
18404	3	54	-1.9586
18404	3	55	-2.3817
18404	3	56	-1.919
18404	3	57	-2.0213
18404	3	58	-0.23672
16901	1	1	1.0269
16901	1	2	1.1906
16901	1	3	1.7092
16901	1	4	1.6832
16901	1	5	2.0055
16901	1	6	2.3466
16901	1	7	2.3787
16901	1	8	2.4351
16901	1	9	2.2659
16901	1	10	2.2475
16901	1	11	2.3215
16901	1	12	1.7972
16901	1	13	1.7221
16901	1	14	1.6965
16901	1	15	1.1247
16901	1	16	0.89712
16901	1	17	1.3231
16901	1	18	0.63019
16901	1	19	-0.3615
16901	1	20	0.20156
16901	1	21	0.013578
16901	1	22	-0.25303
16901	1	23	-0.55243
16901	1	24	-0.48872
16901	1	25	-0.50075
16901	1	26	-0.42621
16901	1	27	-1.2565
16901	1	28	-1.2993
16901	1	29	-1.0358
16901	1	30	-1.3995
16901	1	31	-1.5251
16901	1	32	-1.7372
16901	1	33	-1.2306
16901	1	34	-1.5274
16901	1	35	-1.0723
16901	1	36	-1.6023
16901	1	37	-1.9799
16901	1	38	-1.8196
16901	1	39	-1.1328
16901	1	40	-1.3123
16901	1	41	-1.8708
16901	1	42	-0.78702
16901	1	43	-0.97184
16901	1	44	-1.1106
16901	1	45	-1.5558
16901	1	46	-1.0278
16901	1	47	-1.543
16901	1	48	-1.0516
16901	1	49	-0.41008
16901	1	50	-0.95468
16901	1	51	-1.1978
16901	1	52	-0.75432
16901	1	53	-1.1044
16901	1	54	-1.2133
16901	1	55	-1.4844
16901	1	56	-1.4492
16901	1	57	-1.9265
16901	1	58	-1.7604
5107	3	1	-3.2018
5107	3	2	-3.3843
5107	3	3	-2.2362
5107	3	4	-2.4237
5107	3	5	-3.694
5107	3	6	-2.9812
5107	3	7	-2.5195
5107	3	8	-2.6642
5107	3	9	-2.8177
5107	3	10	-2.6846
5107	3	11	-2.8251
5107	3	12	-2.1831
5107	3	13	-2.7414
5107	3	14	-2.1354
5107	3	15	-2.9456
5107	3	16	-2.0017
5107	3	17	-2.4889
5107	3	18	-3.1887
5107	3	19	-2.793
5107	3	20	-1.9506
5107	3	21	-2.4753
5107	3	22	-3.1781
5107	3	23	-3.3725
5107	3	24	-3.0194
5107	3	25	-2.5735
5107	3	26	-3.4571
5107	3	27	-3.0161
5107	3	28	-3.0851
5107	3	29	-2.1181
5107	3	30	-3.3768
5107	3	31	-1.28
5107	3	32	-2.3247
5107	3	33	-1.9758
5107	3	34	-1.839
5107	3	35	-2.0688
5107	3	36	-1.7895
5107	3	37	-1.6746
5107	3	38	-1.0105
5107	3	39	-1.6089
5107	3	40	-1.9377
5107	3	41	-2.4127
5107	3	42	-3.63
5107	3	43	-3.2126
5107	3	44	-3.2969
5107	3	45	-2.5532
5107	3	46	-3.8899
5107	3	47	-2.3105
5107	3	48	-2.9655
5107	3	49	-2.5128
5107	3	50	-2.7894
5107	3	51	-3.0372
5107	3	52	-3.0159
5107	3	53	-1.6996
5107	3	54	-1.5095
5107	3	55	-2.5096
5107	3	56	-2.8045
5107	3	57	-2.1336
5107	3	58	-2.4208
11988	1	1	0.19607
11988	1	2	0.48623
11988	1	3	0.32146
11988	1	4	0.43916
11988	1	5	0.59019
11988	1	6	1.5428
11988	1	7	1.8111
11988	1	8	1.4385
11988	1	9	1.8449
11988	1	10	1.5088
11988	1	11	1.8077
11988	1	12	1.4713
11988	1	13	1.5026
11988	1	14	1.7863
11988	1	15	1.3992
11988	1	16	0.61646
11988	1	17	1.3488
11988	1	18	0.47486
11988	1	19	0.025249
11988	1	20	-0.15009
11988	1	21	-0.35413
11988	1	22	-0.3152
11988	1	23	-0.81424
11988	1	24	-0.77863
11988	1	25	-0.70491
11988	1	26	-1.1233
11988	1	27	-1.2515
11988	1	28	-1.2304
11988	1	29	-1.047
11988	1	30	-1.0364
11988	1	31	-0.98892
11988	1	32	-1.6361
11988	1	33	-1.9184
11988	1	34	-1.0295
11988	1	35	-1.4788
11988	1	36	-1.3412
11988	1	37	-1.4026
11988	1	38	-1.582
11988	1	39	-1.1393
11988	1	40	-1.539
11988	1	41	0.62259
11988	1	42	-1.1183
11988	1	43	-1.3686
11988	1	44	-1.2846
11988	1	45	-1.2138
11988	1	46	-0.79284
11988	1	47	-1.458
11988	1	48	-0.5518
11988	1	49	-0.68496
11988	1	50	-0.92185
11988	1	51	-0.80494
11988	1	52	-0.79504
11988	1	53	-0.5305
11988	1	54	-0.91446
11988	1	55	-1.055
11988	1	56	-1.5522
11988	1	57	-1.8499
11988	1	58	-1.8077
1497	3	1	-0.83347
1497	3	2	-0.60602
1497	3	3	-0.50768
1497	3	4	-0.12228
1497	3	5	-0.089261
1497	3	6	0.13937
1497	3	7	-0.28999
1497	3	8	-0.63059
1497	3	9	-0.80241
1497	3	10	-1.0125
1497	3	11	-1.1906
1497	3	12	-0.70604
1497	3	13	-0.76433
1497	3	14	-0.47512
1497	3	15	-0.46089
1497	3	16	-0.89103
1497	3	17	-0.95839
1497	3	18	-0.85265
1497	3	19	-0.53415
1497	3	20	-0.73143
1497	3	21	-0.53766
1497	3	22	-0.55648
1497	3	23	-0.84211
1497	3	24	-0.76137
1497	3	25	-0.74501
1497	3	26	-0.84287
1497	3	27	-1.7811
1497	3	28	-1.4792
1497	3	29	-1.3465
1497	3	30	-1.1287
1497	3	31	-1.2442
1497	3	32	-1.0138
1497	3	34	-1.0155
1497	3	35	-0.83597
1497	3	36	-1.0295
1497	3	37	-1.3312
1497	3	38	-1.2932
1497	3	39	-1.4636
1497	3	40	-0.91007
1497	3	41	-0.7217
1497	3	42	-0.91422
1497	3	43	-0.43768
1497	3	44	-0.45618
1497	3	45	-1.3501
1497	3	46	-1.0353
1497	3	47	-0.69839
1497	3	48	-0.912
1497	3	49	-0.86292
1497	3	50	-1.0496
1497	3	51	-0.80288
1497	3	52	-0.42316
1497	3	53	-0.89189
1497	3	54	-1.2367
1497	3	55	-0.59829
1497	3	56	-0.82854
1497	3	57	-0.17422
1497	3	58	-0.13364
5253	3	1	-1.8305
5253	3	2	-1.3747
5253	3	3	-1.2648
5253	3	4	-1.0548
5253	3	5	-0.80461
5253	3	6	-0.62518
5253	3	7	-0.79874
5253	3	8	-0.9037
5253	3	9	-0.61828
5253	3	10	-1.2379
5253	3	11	-1.3482
5253	3	12	-1.1932
5253	3	13	-1.2876
5253	3	14	-1.2727
5253	3	15	-1.985
5253	3	16	-2.0099
5253	3	17	-2.0247
5253	3	18	-1.6439
5253	3	19	-1.4805
5253	3	20	-1.7065
5253	3	21	-1.5958
5253	3	22	-1.2129
5253	3	23	-1.6271
5253	3	24	-1.8869
5253	3	25	-1.5425
5253	3	26	-1.6397
5253	3	27	-1.8794
5253	3	28	-1.7913
5253	3	29	-1.5403
5253	3	30	-1.7086
5253	3	31	-0.99957
5253	3	32	-1.1678
5253	3	33	-1.3357
5253	3	34	-1.1386
5253	3	35	-1.2081
5253	3	36	-1.0198
5253	3	37	-1.8859
5253	3	38	-1.4049
5253	3	39	-1.8191
5253	3	40	-1.5514
5253	3	41	0.023271
5253	3	42	-1.4723
5253	3	43	-1.371
5253	3	44	-1.814
5253	3	45	-2.1164
5253	3	46	-1.563
5253	3	47	-1.5777
5253	3	48	-1.9931
5253	3	49	-1.6801
5253	3	50	-2.0626
5253	3	51	-1.7401
5253	3	52	-1.382
5253	3	53	-1.7373
5253	3	54	-1.6044
5253	3	55	-1.8285
5253	3	56	-1.5251
5253	3	57	-0.60472
5253	3	58	0.64566
18020	2	1	-2.7715
18020	2	2	-2.9358
18020	2	3	-2.059
18020	2	4	-2.4567
18020	2	5	-2.178
18020	2	6	-2.2988
18020	2	7	-2.1034
18020	2	8	-2.3327
18020	2	9	-2.314
18020	2	10	-2.157
18020	2	11	-2.098
18020	2	12	-2.2676
18020	2	13	-2.2741
18020	2	14	-2.1313
18020	2	15	-2.8338
18020	2	16	-2.2703
18020	2	17	-2.039
18020	2	18	-2.1486
18020	2	19	-1.8943
18020	2	20	-1.834
18020	2	21	-1.8851
18020	2	22	-2.0213
18020	2	23	-0.61385
18020	2	24	0.069984
18020	2	25	0.070269
18020	2	26	0.90947
18020	2	27	1.5968
18020	2	28	1.5699
18020	2	29	1.2938
18020	2	30	1.6316
18020	2	31	0.16238
18020	2	32	0.22566
18020	2	33	-0.12398
18020	2	34	0.41864
18020	2	35	0.11115
18020	2	36	0.27903
18020	2	37	0.8615
18020	2	38	0.1493
18020	2	39	1.2974
18020	2	40	-1.2458
18020	2	41	-1.404
18020	2	42	-3.612
18020	2	43	-2.7087
18020	2	44	-2.2865
18020	2	45	-1.1036
18020	2	46	-0.98605
18020	2	47	-0.54312
18020	2	48	-2.4153
18020	2	49	-2.5295
18020	2	50	-1.8163
18020	2	51	-2.2852
18020	2	52	-0.57137
18020	2	53	-0.63458
18020	2	54	0.4624
18020	2	55	1.6921
18020	2	56	2.4776
18020	2	57	2.8338
18020	2	58	3.1303
14025	1	1	0.098804
14025	1	2	0.56716
14025	1	3	1.0031
14025	1	4	1.3854
14025	1	5	1.7936
14025	1	6	2.5883
14025	1	7	2.3739
14025	1	8	1.892
14025	1	9	0.99601
14025	1	10	0.44224
14025	1	11	0.94348
14025	1	12	0.37037
14025	1	13	-0.021034
14025	1	14	0.053731
14025	1	15	0.21842
14025	1	16	0.02306
14025	1	17	0.066196
14025	1	18	-0.63761
14025	1	19	-0.35125
14025	1	20	-0.26844
14025	1	21	-0.58678
14025	1	22	-0.65438
14025	1	23	-0.71807
14025	1	24	-0.62297
14025	1	25	-1.2239
14025	1	26	-0.75573
14025	1	27	-1.0756
14025	1	28	-1.0586
14025	1	29	-0.76954
14025	1	30	-0.95455
14025	1	31	-1.7038
14025	1	32	-1.843
14025	1	33	-1.8669
14025	1	34	-1.6253
14025	1	35	-1.9312
14025	1	36	-1.5826
14025	1	37	-1.7684
14025	1	38	-1.892
14025	1	39	-1.2066
14025	1	40	-1.2372
14025	1	41	-1.2117
14025	1	42	-1.1063
14025	1	43	-1.087
14025	1	44	-1.1207
14025	1	45	-1.3447
14025	1	46	-1.3718
14025	1	47	-0.35295
14025	1	48	-0.79913
14025	1	49	-0.83841
14025	1	50	-1.0848
14025	1	51	-0.35242
14025	1	52	-0.97423
14025	1	53	-0.4607
14025	1	54	-0.87531
14025	1	55	-1.4323
14025	1	56	-1.493
14025	1	57	-1.4178
14025	1	58	-1.2133
5962	3	1	-2.5466
5962	3	2	-2.3681
5962	3	3	-2.6224
5962	3	4	-3.0472
5962	3	5	-3.8854
5962	3	6	-4.2686
5962	3	7	-3.8078
5962	3	8	-3.2147
5962	3	9	-3.0718
5962	3	10	-2.7762
5962	3	11	-2.7236
5962	3	12	-2.5308
5962	3	13	-3.2928
5962	3	14	-2.7877
5962	3	15	-3.3594
5962	3	16	-3.4924
5962	3	17	-2.9802
5962	3	18	-2.7203
5962	3	19	-2.6798
5962	3	20	-2.1874
5962	3	21	-2.0187
5962	3	22	-2.0023
5962	3	23	-2.0047
5962	3	24	-2.1081
5962	3	25	-2.5776
5962	3	26	-2.3074
5962	3	27	-2.3492
5962	3	28	-2.2424
5962	3	29	-2.3186
5962	3	30	-1.9346
5962	3	31	-1.1333
5962	3	32	-0.88048
5962	3	33	-0.9283
5962	3	34	-0.4244
5962	3	35	-1.9794
5962	3	36	-0.54051
5962	3	37	-1.1824
5962	3	38	-1.5526
5962	3	39	-1.5425
5962	3	40	-1.0785
5962	3	41	-1.7195
5962	3	42	-3.2952
5962	3	43	-2.4553
5962	3	44	-2.39
5962	3	45	-1.5981
5962	3	46	-1.8299
5962	3	47	-1.8514
5962	3	48	-2.0582
5962	3	49	-2.2394
5962	3	50	-1.5851
5962	3	51	-1.8478
5962	3	52	-0.13488
5962	3	53	-0.80823
5962	3	54	-0.71257
5962	3	55	-0.64596
5962	3	56	0.5024
5962	3	57	0.98108
5962	3	58	2.0211
1760	3	1	-1.2527
1760	3	2	-1.6417
1760	3	3	-1.2375
1760	3	4	-1.7768
1760	3	5	-1.9944
1760	3	7	-0.90744
1760	3	8	-0.48887
1760	3	9	-0.5059
1760	3	10	-0.86994
1760	3	11	-1.0363
1760	3	12	-0.82948
1760	3	13	-1.0376
1760	3	14	-0.76698
1760	3	15	-1.4402
1760	3	16	-1.5172
1760	3	17	-1.8798
1760	3	18	-1.3748
1760	3	19	-1.2218
1760	3	20	-1.2795
1760	3	21	-1.1563
1760	3	22	-0.95514
1760	3	23	-1.2946
1760	3	24	-1.2071
1760	3	25	-1.2071
1760	3	26	-1.3576
1760	3	27	-1.8372
1760	3	28	-1.5284
1760	3	29	-1.7639
1760	3	30	-1.2731
1760	3	31	-0.81087
1760	3	32	-1.1205
1760	3	33	-1.6408
1760	3	34	-1.0565
1760	3	35	-1.5893
1760	3	36	-1.3715
1760	3	37	-1.8063
1760	3	38	-0.99967
1760	3	39	-0.88289
1760	3	40	-1.2689
1760	3	41	-1.9939
1760	3	42	-2.1569
1760	3	43	-1.5939
1760	3	44	-1.5194
1760	3	45	-0.78723
1760	3	46	-1.5329
1760	3	47	-0.99591
1760	3	48	-1.3906
1760	3	49	-1.1312
1760	3	50	-0.60552
1760	3	51	-1.1972
1760	3	52	-1.0801
1760	3	53	-0.74178
1760	3	54	-0.70749
1760	3	55	-0.032406
1760	3	56	1.6001
1760	3	57	1.3215
1760	3	58	0.71199
10233	3	1	-1.0143
10233	3	2	-0.80716
10233	3	3	-0.90052
10233	3	4	-0.91978
10233	3	5	-0.86863
10233	3	6	-1.251
10233	3	7	-1.3839
10233	3	8	-1.3124
10233	3	9	-0.66518
10233	3	10	-0.80787
10233	3	13	-1.1763
10233	3	14	-1.0807
10233	3	15	-1.6122
10233	3	16	-1.2668
10233	3	17	-1.843
10233	3	18	-1.6732
10233	3	19	-1.632
10233	3	20	-1.7119
10233	3	21	-1.6041
10233	3	22	-1.5334
10233	3	23	-1.6946
10233	3	24	-1.6099
10233	3	25	-1.3759
10233	3	26	-1.4808
10233	3	27	-1.6325
10233	3	28	-1.6107
10233	3	29	-1.6168
10233	3	30	-1.4689
10233	3	31	-0.9167
10233	3	32	-1.1712
10233	3	33	-0.86935
10233	3	34	-1.3319
10233	3	35	-1.5854
10233	3	36	-1.0442
10233	3	37	-0.95923
10233	3	38	-0.9685
10233	3	39	-1.1301
10233	3	40	-1.3559
10233	3	41	-2.0001
10233	3	42	-1.904
10233	3	43	-1.5139
10233	3	44	-1.4099
10233	3	45	-1.9853
10233	3	46	-1.7578
10233	3	47	-1.5256
10233	3	48	-2.0745
10233	3	49	-1.4741
10233	3	50	-1.6102
10233	3	51	-1.6673
10233	3	52	-0.44619
10233	3	53	-1.3883
10233	3	54	-0.9464
10233	3	55	0.039786
10233	3	56	1.1473
10233	3	57	1.1929
10233	3	58	1.8366
9668	3	1	-2.8022
9668	3	2	-2.7567
9668	3	3	-2.6208
9668	3	4	-2.4485
9668	3	5	-2.6207
9668	3	6	-1.8639
9668	3	7	-1.5712
9668	3	8	-1.1596
9668	3	9	-0.60345
9668	3	10	-1.0266
9668	3	11	-0.28794
9668	3	12	-1.1413
9668	3	13	-0.92926
9668	3	14	-1.5798
9668	3	15	-1.6448
9668	3	16	-1.3155
9668	3	17	-1.3594
9668	3	18	-1.9011
9668	3	19	-2.2338
9668	3	20	-2.2802
9668	3	21	-1.9042
9668	3	22	-2.4548
9668	3	23	-2.7236
9668	3	24	-1.6292
9668	3	25	-2.1842
9668	3	26	-1.8546
9668	3	27	-2.2061
9668	3	28	-2.2971
9668	3	29	-2.1818
9668	3	30	-2.1488
9668	3	31	-1.8793
9668	3	32	-1.6506
9668	3	33	-1.5604
9668	3	34	-1.6285
9668	3	35	-1.8928
9668	3	36	-1.6833
9668	3	37	-1.8787
9668	3	38	-1.648
9668	3	39	-1.8299
9668	3	40	-1.8796
9668	3	41	-2.0378
9668	3	42	-2.5248
9668	3	43	-2.372
9668	3	44	-2.2715
9668	3	45	-1.4612
9668	3	46	-1.3099
9668	3	47	-1.7588
9668	3	48	-1.9286
9668	3	49	-1.9729
9668	3	50	-1.6712
9668	3	51	-2.092
9668	3	52	-1.7958
9668	3	53	-1.9246
9668	3	54	-2.0138
9668	3	55	-1.7633
9668	3	56	0.37726
9668	3	57	1.6916
9668	3	58	1.3501
12750	1	1	0.27515
12750	1	2	0.51283
12750	1	3	0.71669
12750	1	4	0.95748
12750	1	5	1.3638
12750	1	6	1.7739
12750	1	7	1.8032
12750	1	8	1.6298
12750	1	9	1.4504
12750	1	10	1.2996
12750	1	11	1.5536
12750	1	12	0.91621
12750	1	13	0.64563
12750	1	14	0.30894
12750	1	15	0.52025
12750	1	16	0.46398
12750	1	17	-0.49047
12750	1	18	-0.25551
12750	1	19	-0.73395
12750	1	20	-0.71207
12750	1	21	-0.62867
12750	1	22	-0.86447
12750	1	23	-0.77196
12750	1	24	-0.83368
12750	1	25	-1.1805
12750	1	26	-1.3374
12750	1	27	-1.6298
12750	1	28	-1.3922
12750	1	29	-1.6275
12750	1	30	-1.6827
12750	1	31	-1.1139
12750	1	32	-1.2841
12750	1	33	-1.4273
12750	1	34	-1.1431
12750	1	35	-0.75992
12750	1	36	-0.80388
12750	1	37	-1.2353
12750	1	38	-0.5556
12750	1	39	-0.67353
12750	1	40	-1.3565
12750	1	41	-1.4599
12750	1	42	-0.95032
12750	1	43	-0.8221
12750	1	44	-1.2258
12750	1	45	-0.7137
12750	1	46	-0.69885
12750	1	47	-1.3797
12750	1	48	-0.57731
12750	1	49	-0.38457
12750	1	50	-0.61111
12750	1	51	-0.46575
12750	1	52	-0.47485
12750	1	53	-0.68962
12750	1	54	-0.71412
12750	1	55	-1.2092
12750	1	56	-1.2743
12750	1	57	-1.3927
12750	1	58	-1.4753
7107	2	1	-4.1022
7107	2	2	-4.2534
7107	2	3	-4.4378
7107	2	4	-3.7574
7107	2	5	-3.801
7107	2	6	-3.4211
7107	2	7	-3.2858
7107	2	8	-3.2989
7107	2	9	-3.6529
7107	2	10	-3.3334
7107	2	11	-3.4396
7107	2	12	-3.2918
7107	2	13	-3.3722
7107	2	14	-3.5124
7107	2	15	-3.3288
7107	2	16	-3.1227
7107	2	17	-1.7678
7107	2	18	-0.81458
7107	2	19	1.8906
7107	2	20	1.1111
7107	2	21	1.5919
7107	2	22	1.5818
7107	2	23	3.2307
7107	2	24	3.4077
7107	2	25	3.7184
7107	2	26	3.8384
7107	2	27	4.4754
7107	2	28	4.072
7107	2	29	3.9207
7107	2	30	4.0182
7107	2	31	2.922
7107	2	32	2.8843
7107	2	33	2.8827
7107	2	34	2.8448
7107	2	35	2.8126
7107	2	36	3.005
7107	2	37	4.0054
7107	2	38	3.5281
7107	2	39	3.8668
7107	2	40	0.9327
7107	2	41	0.096867
7107	2	42	-3.3952
7107	2	43	-3.06
7107	2	44	-2.6703
7107	2	45	-1.9956
7107	2	46	-1.9027
7107	2	47	-1.9665
7107	2	48	-3.8593
7107	2	49	-4.2911
7107	2	50	-2.4844
7107	2	51	-3.669
7107	2	52	-0.43768
7107	2	53	-1.0939
7107	2	54	0.95939
7107	2	55	2.39
7107	2	56	4.2534
7107	2	57	3.6148
7107	2	58	4.383
7028	2	1	-2.5505
7028	2	2	-2.4491
7028	2	3	-2.285
7028	2	4	-2.234
7028	2	5	-2.13
7028	2	7	-1.988
7028	2	8	-2.3272
7028	2	9	-2.3893
7028	2	10	-2.6542
7028	2	12	0.22354
7028	2	13	-2.4932
7028	2	14	-2.4512
7028	2	15	-1.0397
7028	2	16	-1.9016
7028	2	17	-1.7318
7028	2	18	-1.0406
7028	2	19	0.59166
7028	2	20	0.08764
7028	2	21	0.78481
7028	2	22	1.0425
7028	2	23	1.4651
7028	2	24	1.8966
7028	2	25	1.3582
7028	2	26	2.1972
7028	2	27	2.9122
7028	2	28	2.6157
7028	2	29	2.1388
7028	2	30	2.384
7028	2	31	1.4098
7028	2	32	1.9567
7028	2	33	2.7662
7028	2	34	1.62
7028	2	35	2.9011
7028	2	36	2.2204
7028	2	37	2.9271
7028	2	38	2.8923
7028	2	39	2.5272
7028	2	40	1.3125
7028	2	41	-0.47399
7028	2	42	-3.3681
7028	2	43	-3.1407
7028	2	44	-3.2044
7028	2	45	-2.1731
7028	2	46	-1.8413
7028	2	47	-2.1645
7028	2	48	-3.3795
7028	2	49	-3.4742
7028	2	50	-2.3603
7028	2	51	-3.7444
7028	2	52	0.17153
7028	2	53	-1.3046
7028	2	54	0.15857
7028	2	55	1.9574
7028	2	56	3.0514
7028	2	57	2.5748
7028	2	58	3.3268
18251	2	1	-2.2682
18251	2	2	-2.0378
18251	2	3	-2.3661
18251	2	4	-1.8691
18251	2	5	-2.3196
18251	2	7	-1.8782
18251	2	8	-1.9847
18251	2	9	-1.7841
18251	2	10	-1.5515
18251	2	12	-1.6619
18251	2	13	-1.7558
18251	2	14	-1.8905
18251	2	15	-1.8175
18251	2	16	-1.146
18251	2	17	-1.1364
18251	2	18	0.38376
18251	2	19	1.8603
18251	2	20	1.4784
18251	2	21	1.7256
18251	2	22	1.726
18251	2	23	1.6531
18251	2	24	1.7097
18251	2	25	1.5349
18251	2	26	1.6342
18251	2	27	1.4803
18251	2	28	1.4754
18251	2	29	1.3678
18251	2	30	1.7578
18251	2	31	1.808
18251	2	32	1.0281
18251	2	33	0.95571
18251	2	34	1.4594
18251	2	35	1.8077
18251	2	36	1.5619
18251	2	37	1.795
18251	2	38	1.4462
18251	2	39	1.8131
18251	2	40	-0.18738
18251	2	41	-0.60884
18251	2	42	-2.4798
18251	2	43	-1.5005
18251	2	44	-1.2006
18251	2	45	-0.66347
18251	2	46	-1.2924
18251	2	47	-1.2758
18251	2	48	-1.3807
18251	2	49	-0.58783
18251	2	50	-0.8918
18251	2	51	-1.7464
18251	2	52	0.29046
18251	2	53	-0.025449
18251	2	54	0.46437
18251	2	55	1.9269
18251	2	56	2.2104
18251	2	57	2.3196
18251	2	58	2.7216
5596	2	1	-2.3757
5596	2	2	-3.7815
5596	2	3	-4.4686
5596	2	4	-3.1403
5596	2	5	-3.5073
5596	2	6	-3.7768
5596	2	7	-3.8978
5596	2	8	-3.9283
5596	2	9	-3.5931
5596	2	10	-3.7889
5596	2	13	-3.9335
5596	2	14	-3.8209
5596	2	15	-1.5319
5596	2	16	-3.2229
5596	2	17	-2.7382
5596	2	18	-1.3633
5596	2	19	1.1983
5596	2	20	0.64008
5596	2	21	1.0222
5596	2	22	1.6351
5596	2	23	1.8606
5596	2	24	2.2717
5596	2	25	2.818
5596	2	26	3.1313
5596	2	27	3.2944
5596	2	28	3.2181
5596	2	29	2.8944
5596	2	30	2.8381
5596	2	31	2.9004
5596	2	32	3.3313
5596	2	33	3.7637
5596	2	34	2.5325
5596	2	35	3.2123
5596	2	36	3.2608
5596	2	37	3.963
5596	2	38	4.0358
5596	2	39	3.3732
5596	2	40	2.1083
5596	2	41	-1.3061
5596	2	42	-4.0378
5596	2	43	-3.301
5596	2	44	-2.8992
5596	2	45	-2.1248
5596	2	46	-1.7525
5596	2	47	-1.489
5596	2	48	-4.5086
5596	2	49	-3.8503
5596	2	50	-2.6474
5596	2	51	-4.6998
5596	2	52	0.97213
5596	2	53	0.9847
5596	2	54	1.1808
5596	2	56	4.9464
5596	2	58	4.4504
8154	2	1	-2.9647
8154	2	2	-2.8465
8154	2	3	-2.7535
8154	2	4	-2.7667
8154	2	5	-2.9503
8154	2	6	-2.5141
8154	2	7	-2.2861
8154	2	8	-2.7593
8154	2	9	-2.7662
8154	2	10	-2.3499
8154	2	11	-2.901
8154	2	12	-2.0403
8154	2	13	-2.1136
8154	2	14	-2.2808
8154	2	15	-1.4499
8154	2	16	-2.1873
8154	2	17	-1.7927
8154	2	18	-1.1691
8154	2	19	0.50762
8154	2	20	-0.3823
8154	2	21	0.35563
8154	2	22	0.63589
8154	2	23	1.5066
8154	2	24	1.8207
8154	2	25	1.6716
8154	2	26	2.2113
8154	2	27	2.3232
8154	2	28	2.1804
8154	2	29	2.219
8154	2	30	2.2771
8154	2	31	1.2564
8154	2	32	1.3094
8154	2	33	1.6742
8154	2	34	1.4324
8154	2	35	1.1455
8154	2	36	1.3402
8154	2	37	1.4883
8154	2	38	1.0765
8154	2	39	1.962
8154	2	40	0.037706
8154	2	41	-1.1688
8154	2	42	-2.2425
8154	2	43	-1.7824
8154	2	44	-1.3859
8154	2	45	-0.98286
8154	2	46	-1.1925
8154	2	47	-1.3082
8154	2	48	-2.429
8154	2	49	-2.731
8154	2	50	-1.8424
8154	2	51	-2.3956
8154	2	52	-0.31538
8154	2	53	-0.60671
8154	2	54	0.087781
8154	2	55	1.4027
8154	2	56	2.4532
8154	2	57	2.4028
8154	2	58	3.1717
13096	1	1	0.82586
13096	1	2	0.95486
13096	1	3	0.89852
13096	1	4	1.2833
13096	1	5	1.4719
13096	1	6	2.0835
13096	1	7	2.2499
13096	1	8	2.3295
13096	1	9	2.6478
13096	1	10	2.5256
13096	1	11	2.6215
13096	1	12	0.84617
13096	1	13	1.9111
13096	1	14	1.6534
13096	1	15	1.3125
13096	1	16	1.2033
13096	1	17	1.4624
13096	1	18	0.66444
13096	1	19	-0.3221
13096	1	20	-0.075235
13096	1	21	-0.17418
13096	1	22	-0.66227
13096	1	23	-0.63085
13096	1	24	-1.0554
13096	1	25	-0.94173
13096	1	26	-1.0251
13096	1	27	-0.76692
13096	1	28	-0.53302
13096	1	29	-1.4666
13096	1	30	-1.258
13096	1	31	-1.1464
13096	1	32	-2.2161
13096	1	33	-1.4588
13096	1	34	-1.4825
13096	1	35	-0.45397
13096	1	36	-0.68988
13096	1	37	-0.90199
13096	1	38	-1.0943
13096	1	39	-1.2507
13096	1	40	-1.252
13096	1	41	-0.24918
13096	1	42	-1.6052
13096	1	43	-1.559
13096	1	44	-1.8464
13096	1	45	-1.4468
13096	1	46	-1.3952
13096	1	47	-1.4436
13096	1	48	-1.3475
13096	1	49	-1.1845
13096	1	50	-1.8209
13096	1	51	-1.7579
13096	1	52	-1.4183
13096	1	53	-1.6582
13096	1	54	-1.836
13096	1	55	-2.2532
13096	1	56	-2.5001
13096	1	57	-2.4932
13096	1	58	-1.86
10483	2	1	-1.2518
10483	2	2	-1.2025
10483	2	3	-1.0684
10483	2	4	-1.1692
10483	2	5	-1.118
10483	2	6	-0.80405
10483	2	7	-0.82036
10483	2	8	-0.92475
10483	2	9	-0.79807
10483	2	10	-0.49089
10483	2	11	-0.68753
10483	2	12	-0.55966
10483	2	13	-0.80062
10483	2	14	-0.49696
10483	2	15	-0.75615
10483	2	16	-0.91673
10483	2	17	-0.82756
10483	2	18	-0.59655
10483	2	19	0.6894
10483	2	20	0.49021
10483	2	21	0.4045
10483	2	22	0.92317
10483	2	23	0.51972
10483	2	24	0.66154
10483	2	25	0.64959
10483	2	26	0.45592
10483	2	27	0.59671
10483	2	28	0.61468
10483	2	29	0.77217
10483	2	30	1.0582
10483	2	31	0.4629
10483	2	32	0.70546
10483	2	33	0.61369
10483	2	34	0.8733
10483	2	35	0.52559
10483	2	36	0.8406
10483	2	37	0.80432
10483	2	38	0.4842
10483	2	39	0.27694
10483	2	40	-0.018798
10483	2	41	-0.07291
10483	2	42	-0.38115
10483	2	43	-0.75655
10483	2	44	-0.97372
10483	2	45	-0.071398
10483	2	46	-0.7185
10483	2	47	-1.241
10483	2	48	-0.8384
10483	2	49	-0.74566
10483	2	50	-0.72121
10483	2	51	-0.75247
10483	2	52	-0.10146
10483	2	53	-0.3927
10483	2	54	-0.070677
10483	2	55	0.79456
10483	2	56	1.2025
10483	2	57	1.68
10483	2	58	1.2607
9480	2	1	-2.4009
9480	2	2	-2.6158
9480	2	3	-1.9066
9480	2	4	-1.8948
9480	2	5	-1.4874
9480	2	6	-1.5892
9480	2	7	-1.3921
9480	2	8	-1.3654
9480	2	9	-1.4148
9480	2	10	-1.6128
9480	2	11	-1.7279
9480	2	12	-1.5062
9480	2	13	-1.0767
9480	2	14	-1.8399
9480	2	15	-1.7329
9480	2	16	-1.2085
9480	2	17	-0.85771
9480	2	18	-0.46659
9480	2	19	0.26335
9480	2	20	0.096116
9480	2	21	0.22733
9480	2	22	0.32166
9480	2	23	0.79156
9480	2	24	1.5095
9480	2	25	1.3546
9480	2	26	1.7305
9480	2	27	1.7231
9480	2	28	1.5473
9480	2	29	1.5143
9480	2	30	1.3566
9480	2	31	-0.032963
9480	2	32	0.50067
9480	2	33	0.98325
9480	2	34	0.60991
9480	2	35	1.1406
9480	2	36	1.1152
9480	2	37	1.51
9480	2	38	1.4206
9480	2	39	2.1084
9480	2	40	0.79058
9480	2	41	-0.94401
9480	2	42	-1.2661
9480	2	43	-1.4958
9480	2	44	-1.8016
9480	2	45	-1.1233
9480	2	46	-1.3229
9480	2	47	-1.7649
9480	2	48	-0.80416
9480	2	49	-1.343
9480	2	50	-0.46563
9480	2	51	-0.77728
9480	2	52	0.09011
9480	2	53	0.011545
9480	2	54	-0.042161
9480	2	55	0.79544
9480	2	56	1.9066
9480	2	57	1.7829
9480	2	58	1.9625
11842	3	1	-2.236
11842	3	2	-2.1199
11842	3	3	-1.79
11842	3	4	-1.17
11842	3	5	-1.3822
11842	3	6	-1.3758
11842	3	7	-1.2821
11842	3	8	-1.2688
11842	3	9	-0.78279
11842	3	10	-0.64987
11842	3	11	-0.83769
11842	3	12	-0.82933
11842	3	13	-1.258
11842	3	14	-0.72608
11842	3	15	-1.3391
11842	3	16	-1.9359
11842	3	17	-1.3032
11842	3	18	-1.9297
11842	3	19	-2.0197
11842	3	20	-1.8419
11842	3	21	-1.592
11842	3	22	-1.6896
11842	3	23	-1.7644
11842	3	24	-2.2208
11842	3	25	-2.1856
11842	3	26	-2.2103
11842	3	27	-1.9618
11842	3	28	-1.7803
11842	3	29	-2.1709
11842	3	30	-1.6451
11842	3	31	0.16225
11842	3	32	0.17169
11842	3	33	0.027947
11842	3	34	-0.31748
11842	3	35	-0.091141
11842	3	36	0.17765
11842	3	37	0.45627
11842	3	38	0.87568
11842	3	39	0.66053
11842	3	40	-0.21036
11842	3	41	0.14771
11842	3	42	-1.4328
11842	3	43	-1.7523
11842	3	44	-0.97116
11842	3	45	-0.74562
11842	3	46	-0.52471
11842	3	47	-0.29803
11842	3	48	-0.91412
11842	3	49	-1.1102
11842	3	50	-1.0996
11842	3	51	-1.6844
11842	3	52	-1.3647
11842	3	53	-1.6583
11842	3	54	-1.4025
11842	3	55	-1.2641
11842	3	56	-1.538
11842	3	57	-1.8828
11842	3	58	0.50754
5125	3	1	-1.3828
5125	3	2	-1.3701
5125	3	3	-1.8362
5125	3	4	-1.9782
5125	3	5	-2.2321
5125	3	6	-2.6164
5125	3	7	-1.974
5125	3	8	-1.7956
5125	3	9	-1.7807
5125	3	10	-1.778
5125	3	11	-1.9007
5125	3	12	-1.6936
5125	3	13	-1.7139
5125	3	14	-1.7765
5125	3	15	-1.4176
5125	3	16	-1.591
5125	3	17	-1.6128
5125	3	18	-1.5797
5125	3	19	-1.5089
5125	3	20	-1.5447
5125	3	21	-1.3361
5125	3	22	-1.4867
5125	3	23	-1.3247
5125	3	24	-1.1999
5125	3	25	-1.2894
5125	3	26	-1.2243
5125	3	27	-0.93212
5125	3	28	-0.87465
5125	3	29	-1.1033
5125	3	30	-0.95942
5125	3	31	-0.73921
5125	3	32	-0.70976
5125	3	33	-1.0494
5125	3	34	-0.58553
5125	3	35	-0.8757
5125	3	36	-0.96322
5125	3	37	-0.75712
5125	3	38	-0.94316
5125	3	39	-0.77872
5125	3	40	-1.1979
5125	3	41	-1.5335
5125	3	42	-1.3287
5125	3	43	-1.2863
5125	3	44	-1.3147
5125	3	45	-1.3252
5125	3	46	-1.4355
5125	3	47	-1.4558
5125	3	48	-1.1293
5125	3	49	-1.2362
5125	3	50	-0.68634
5125	3	51	-0.27041
5125	3	52	-0.86892
5125	3	53	-0.096449
5125	3	54	-0.26915
5125	3	55	0.69522
5125	3	56	1.6068
5125	3	57	1.4974
5125	3	58	2.0524
5939	2	1	-3.1223
5939	2	2	-3.2783
5939	2	3	-2.887
5939	2	4	-2.6972
5939	2	5	-2.8282
5939	2	6	-2.5501
5939	2	7	-2.6004
5939	2	8	-2.2922
5939	2	9	-2.465
5939	2	10	-2.4474
5939	2	11	-2.4604
5939	2	12	-2.059
5939	2	13	-1.9968
5939	2	14	-2.2331
5939	2	15	-2.1022
5939	2	16	-2.1254
5939	2	17	-1.3521
5939	2	18	-0.98427
5939	2	19	0.48172
5939	2	20	-0.3805
5939	2	21	0.092261
5939	2	22	0.46139
5939	2	23	1.6261
5939	2	24	1.9909
5939	2	25	1.7876
5939	2	26	2.2637
5939	2	27	2.4978
5939	2	28	2.4403
5939	2	29	2.3742
5939	2	30	2.3813
5939	2	31	0.0087803
5939	2	32	0.38007
5939	2	33	0.76438
5939	2	34	0.11169
5939	2	35	1.1245
5939	2	36	0.088837
5939	2	37	1.3653
5939	2	38	1.1192
5939	2	39	2.0883
5939	2	40	-0.31288
5939	2	41	-0.50561
5939	2	42	-1.682
5939	2	43	-1.3057
5939	2	44	-0.74766
5939	2	45	-0.66427
5939	2	46	-1.5915
5939	2	47	-1.9436
5939	2	48	-1.9885
5939	2	49	-2.3045
5939	2	50	-2.156
5939	2	51	-2.3584
5939	2	52	0.10199
5939	2	53	-0.98724
5939	2	54	0.11465
5939	2	55	0.92157
5939	2	56	2.6453
5939	2	57	2.3028
5939	2	58	3.0481
7288	1	1	0.56036
7288	1	2	0.47119
7288	1	3	0.68405
7288	1	4	1.1679
7288	1	5	1.6553
7288	1	6	1.8647
7288	1	7	1.876
7288	1	8	1.9879
7288	1	9	1.5718
7288	1	10	1.4256
7288	1	11	1.591
7288	1	12	0.69104
7288	1	13	0.65341
7288	1	14	0.88616
7288	1	15	0.51554
7288	1	16	0.65228
7288	1	17	0.38495
7288	1	18	-0.10926
7288	1	19	-0.025263
7288	1	20	-0.41453
7288	1	21	-0.70473
7288	1	22	-0.46509
7288	1	23	-0.41516
7288	1	24	-0.68369
7288	1	25	-0.71685
7288	1	26	-0.91793
7288	1	27	-1.4537
7288	1	28	-1.4579
7288	1	29	-1.2596
7288	1	30	-1.3936
7288	1	31	-0.881
7288	1	32	-1.4757
7288	1	33	-1.1735
7288	1	34	-1.198
7288	1	35	-0.61134
7288	1	36	-0.62953
7288	1	37	-0.54527
7288	1	38	-0.75178
7288	1	39	-1.003
7288	1	40	-0.47245
7288	1	41	-0.78081
7288	1	42	-0.68434
7288	1	43	-0.52801
7288	1	44	-0.71609
7288	1	45	-0.69067
7288	1	46	-0.92498
7288	1	47	-0.7524
7288	1	48	-0.90356
7288	1	49	-0.1212
7288	1	50	-0.47989
7288	1	51	-0.91712
7288	1	52	-1.06
7288	1	53	-1.3278
7288	1	54	-1.2272
7288	1	55	-1.3411
7288	1	56	-1.5365
7288	1	57	-1.4069
7288	1	58	-2.0408
17446	3	1	-0.68659
17446	3	2	-0.90586
17446	3	3	-0.88038
17446	3	4	-0.91058
17446	3	5	-0.9549
17446	3	6	-1.5964
17446	3	7	-1.4389
17446	3	8	-1.2262
17446	3	9	-1.2513
17446	3	10	-1.2167
17446	3	11	-0.84325
17446	3	12	-1.8643
17446	3	13	-1.0332
17446	3	14	-1.5157
17446	3	15	-1.3701
17446	3	16	-1.2103
17446	3	17	-0.70187
17446	3	18	-1.2572
17446	3	19	-2.2039
17446	3	20	-1.8386
17446	3	21	-1.6683
17446	3	22	-1.9815
17446	3	23	-1.6022
17446	3	24	-1.7611
17446	3	25	-2.0166
17446	3	26	-2.2263
17446	3	27	-1.7727
17446	3	28	-2.033
17446	3	29	-1.9066
17446	3	30	-1.8568
17446	3	31	-2.3642
17446	3	32	-2.1568
17446	3	33	-2.0101
17446	3	34	-2.4108
17446	3	35	-2.131
17446	3	36	-2.208
17446	3	37	-2.3814
17446	3	38	-2.4148
17446	3	39	-2.172
17446	3	40	-2.2718
17446	3	41	-2.7133
17446	3	42	-2.4115
17446	3	43	-2.5691
17446	3	44	-2.2144
17446	3	45	-2.2019
17446	3	46	-2.0138
17446	3	47	-3.1516
17446	3	48	-2.2947
17446	3	49	-2.086
17446	3	50	-1.8884
17446	3	51	-1.8032
17446	3	52	-2.1694
17446	3	53	-2.0265
17446	3	54	-2.5761
17446	3	55	-1.7054
17446	3	56	-0.27012
17446	3	57	-0.11167
17446	3	58	1.3106
7626	1	1	0.40894
7626	1	2	0.44998
7626	1	3	0.88768
7626	1	4	1.1766
7626	1	5	1.3692
7626	1	6	1.8087
7626	1	7	2.0432
7626	1	8	1.856
7626	1	9	1.5051
7626	1	10	1.3141
7626	1	11	1.1953
7626	1	12	1.1905
7626	1	13	1.0657
7626	1	14	1.2501
7626	1	15	1.2471
7626	1	16	1.0179
7626	1	17	0.80295
7626	1	18	0.73537
7626	1	19	0.30854
7626	1	20	0.40773
7626	1	21	0.16358
7626	1	22	0.2516
7626	1	23	-0.20718
7626	1	24	-0.29804
7626	1	25	-0.40783
7626	1	26	-0.89264
7626	1	27	-1.0557
7626	1	28	-0.86111
7626	1	29	-0.74738
7626	1	30	-0.78292
7626	1	31	-1.12
7626	1	32	-1.8114
7626	1	33	-1.8994
7626	1	34	-0.90914
7626	1	35	-1.2612
7626	1	36	-1.3961
7626	1	37	-1.1666
7626	1	38	-1.1697
7626	1	39	-0.69896
7626	1	40	-0.92088
7626	1	41	-0.37355
7626	1	42	-0.54371
7626	1	43	-0.66163
7626	1	44	-1.1993
7626	1	45	-0.85896
7626	1	46	-0.66826
7626	1	47	-1.3009
7626	1	48	-0.56389
7626	1	49	-0.48078
7626	1	50	-0.88382
7626	1	51	-0.48478
7626	1	52	-0.98807
7626	1	53	-0.71154
7626	1	54	-0.96145
7626	1	55	-1.3076
7626	1	56	-1.2825
7626	1	57	-1.5546
7626	1	58	-1.5198
9432	2	1	-3.5477
9432	2	2	-3.6674
9432	2	3	-3.5145
9432	2	4	-3.7037
9432	2	5	-3.8575
9432	2	6	-3.0589
9432	2	7	-3.1529
9432	2	8	-2.9369
9432	2	9	-4.0039
9432	2	10	-3.0987
9432	2	11	-2.6082
9432	2	12	-2.5499
9432	2	13	-3.3606
9432	2	14	-3.7775
9432	2	15	-3.5615
9432	2	16	-2.9392
9432	2	17	-2.2508
9432	2	18	-2.0557
9432	2	19	-0.14162
9432	2	20	-1.0419
9432	2	21	-0.47629
9432	2	22	-0.36151
9432	2	23	0.75091
9432	2	24	1.363
9432	2	25	1.4297
9432	2	26	2.0365
9432	2	27	4.0194
9432	2	28	3.7775
9432	2	29	2.7367
9432	2	30	3.48
9432	2	31	1.9695
9432	2	32	2.1749
9432	2	33	2.8554
9432	2	34	1.9881
9432	2	35	2.7153
9432	2	36	2.2726
9432	2	37	2.3325
9432	2	38	1.7846
9432	2	39	2.4141
9432	2	40	1.4338
9432	2	41	-2.0406
9432	2	42	-3.3874
9432	2	43	-3.4597
9432	2	44	-2.6996
9432	2	45	0.038456
9432	2	46	1.2738
9432	2	47	1.1096
9432	2	48	-2.8358
9432	2	49	-3.4847
9432	2	50	-2.2461
9432	2	51	-2.6384
9432	2	52	-1.3893
9432	2	53	-1.3042
9432	2	54	-0.43789
9432	2	55	1.0225
9432	2	56	2.2846
9432	2	57	2.4933
9432	2	58	4.0445
17927	2	1	-4.2716
17927	2	2	-4.3934
17927	2	3	-3.7853
17927	2	4	-4.0175
17927	2	5	-3.5392
17927	2	6	-3.3898
17927	2	7	-3.3433
17927	2	8	-3.5461
17927	2	9	-3.6025
17927	2	10	-3.4312
17927	2	11	-3.5075
17927	2	12	-3.2676
17927	2	13	-2.7472
17927	2	14	-3.0146
17927	2	15	-2.6276
17927	2	16	-3.2024
17927	2	17	-1.5914
17927	2	18	-0.44301
17927	2	19	1.8315
17927	2	20	1.2441
17927	2	21	1.835
17927	2	22	2.3267
17927	2	23	2.6673
17927	2	24	2.8035
17927	2	25	3.2297
17927	2	26	3.2743
17927	2	27	3.4706
17927	2	28	3.399
17927	2	29	3.215
17927	2	30	3.7177
17927	2	31	2.0619
17927	2	32	2.2402
17927	2	33	2.7754
17927	2	34	1.96
17927	2	35	2.8816
17927	2	36	2.427
17927	2	37	4.0713
17927	2	38	3.1269
17927	2	39	3.6022
17927	2	40	-0.40357
17927	2	41	-1.6734
17927	2	42	-4.1315
17927	2	43	-4.0622
17927	2	44	-3.9598
17927	2	45	-3.2295
17927	2	46	-3.4376
17927	2	47	-3.1007
17927	2	48	-4.2366
17927	2	49	-4.4452
17927	2	50	-2.7374
17927	2	51	-4.0234
17927	2	52	0.16725
17927	2	53	-0.5718
17927	2	54	0.84041
17927	2	55	2.7774
17927	2	56	4.1935
17927	2	57	3.986
17927	2	58	4.8334
1826	2	1	-1.053
1826	2	2	-0.85027
1826	2	3	-0.81998
1826	2	4	-0.53162
1826	2	5	-0.30978
1826	2	6	-0.22342
1826	2	7	-0.80429
1826	2	8	-0.94834
1826	2	9	-1.0864
1826	2	10	-1.3897
1826	2	11	-1.3734
1826	2	12	-1.2287
1826	2	13	-1.5425
1826	2	14	-1.2669
1826	2	15	-1.1059
1826	2	16	-1.2322
1826	2	17	-1.123
1826	2	18	-0.95899
1826	2	19	0.40183
1826	2	20	-0.11467
1826	2	21	0.37883
1826	2	22	0.83388
1826	2	23	0.74308
1826	2	24	0.68975
1826	2	25	1.137
1826	2	26	1.1322
1826	2	27	1.3577
1826	2	28	1.043
1826	2	29	1.0162
1826	2	30	1.3241
1826	2	31	0.279
1826	2	32	0.40651
1826	2	33	0.86622
1826	2	34	0.18417
1826	2	35	0.73219
1826	2	36	0.6233
1826	2	37	1.5088
1826	2	38	1.2358
1826	2	39	1.4264
1826	2	40	-0.82565
1826	2	41	-0.96114
1826	2	42	-1.5056
1826	2	43	-1.7218
1826	2	44	-2.0087
1826	2	45	-1.8178
1826	2	46	-1.2654
1826	2	47	-1.5196
1826	2	48	-1.717
1826	2	49	-1.8463
1826	2	50	-1.7929
1826	2	51	-1.0914
1826	2	52	-0.48956
1826	2	53	-0.86869
1826	2	54	-0.27297
1826	2	55	0.91833
1826	2	56	1.3114
1826	2	57	1.5189
1826	2	58	1.8675
7106	3	1	-3.2335
7106	3	2	-3.2497
7106	3	3	-3.3629
7106	3	4	-3.4514
7106	3	5	-2.8834
7106	3	6	-3.1661
7106	3	7	-3.337
7106	3	8	-3.5095
7106	3	9	-3.5409
7106	3	10	-3.3908
7106	3	11	-3.5133
7106	3	12	-4.0007
7106	3	13	-2.5691
7106	3	14	-3.1956
7106	3	15	-2.1316
7106	3	16	-2.8473
7106	3	17	-2.6918
7106	3	18	-2.7066
7106	3	19	-3.1876
7106	3	20	-3.0292
7106	3	21	-2.7803
7106	3	22	-3.1458
7106	3	23	-2.5631
7106	3	24	-2.3321
7106	3	25	-2.1857
7106	3	26	-2.2455
7106	3	27	-2.7311
7106	3	28	-2.6206
7106	3	29	-2.3136
7106	3	30	-2.5741
7106	3	31	-3.3263
7106	3	32	-2.8533
7106	3	33	-3.2045
7106	3	34	-3.0007
7106	3	35	-2.9926
7106	3	36	-2.8712
7106	3	37	-2.6691
7106	3	38	-1.793
7106	3	39	-1.6475
7106	3	40	-1.6395
7106	3	41	-1.9024
7106	3	42	-1.408
7106	3	43	-1.4361
7106	3	44	-1.0962
7106	3	45	-1.1038
7106	3	46	-0.97
7106	3	47	-1.4769
7106	3	48	-0.43247
7106	3	49	-0.30805
7106	3	50	-0.49236
7106	3	51	-0.53756
7106	3	52	-0.62158
7106	3	53	-0.84938
7106	3	54	-0.84645
7106	3	55	-0.58705
7106	3	56	0.65523
7106	3	57	1.1847
7106	3	58	0.19001
4899	3	1	-2.0392
4899	3	2	-2.1691
4899	3	3	-2.0578
4899	3	4	-2.075
4899	3	5	-2.4869
4899	3	6	-2.2936
4899	3	7	-2.2224
4899	3	8	-1.9854
4899	3	9	-1.7529
4899	3	10	-1.6047
4899	3	11	-1.1403
4899	3	12	-1.4723
4899	3	13	-2.0383
4899	3	14	-1.5284
4899	3	15	-2.3009
4899	3	16	-2.3348
4899	3	17	-2.4768
4899	3	18	-2.7808
4899	3	19	-2.5272
4899	3	20	-2.2327
4899	3	21	-2.3782
4899	3	22	-2.3185
4899	3	23	-2.6027
4899	3	24	-2.1189
4899	3	25	-2.557
4899	3	26	-3.0252
4899	3	27	-2.7805
4899	3	28	-2.8244
4899	3	29	-2.5399
4899	3	30	-2.5585
4899	3	31	-1.6589
4899	3	32	-2.0239
4899	3	33	-2.0476
4899	3	34	-1.8477
4899	3	35	-2.2122
4899	3	36	-1.5746
4899	3	37	-1.6198
4899	3	38	-1.5688
4899	3	39	-1.7122
4899	3	40	-2.5672
4899	3	41	-2.1794
4899	3	42	-3.0177
4899	3	43	-2.6567
4899	3	44	-2.442
4899	3	45	-2.5096
4899	3	46	-1.21
4899	3	47	-0.94896
4899	3	48	-1.5294
4899	3	49	-1.1271
4899	3	50	-1.3341
4899	3	51	-1.6897
4899	3	52	-1.5791
4899	3	53	-1.5952
4899	3	54	-0.04356
4899	3	55	2.5817
4899	3	56	2.5157
4899	3	57	2.2601
4899	3	58	1.6914
9839	1	1	0.025197
9839	1	2	0.11202
9839	1	3	0.47555
9839	1	4	0.44883
9839	1	5	0.44042
9839	1	6	1.478
9839	1	7	1.3552
9839	1	8	1.3188
9839	1	9	1.7679
9839	1	10	2.0945
9839	1	11	1.2539
9839	1	12	2.1788
9839	1	13	2.5413
9839	1	14	2.4165
9839	1	15	0.88462
9839	1	16	1.5853
9839	1	17	0.57102
9839	1	18	0.52045
9839	1	19	-0.83179
9839	1	20	-0.33901
9839	1	21	-0.5707
9839	1	22	-0.17024
9839	1	23	-0.42449
9839	1	24	-1.6711
9839	1	25	-1.3631
9839	1	26	-1.4299
9839	1	27	-1.7042
9839	1	28	-1.58
9839	1	29	-1.6653
9839	1	30	-2.0181
9839	1	31	-0.61634
9839	1	32	-0.89007
9839	1	33	-1.544
9839	1	34	-0.42811
9839	1	35	-0.9804
9839	1	36	-0.78747
9839	1	37	-2.0881
9839	1	38	-0.81021
9839	1	39	-0.89544
9839	1	40	-0.69954
9839	1	41	-1.283
9839	1	42	-1.739
9839	1	43	-1.7536
9839	1	44	-1.6337
9839	1	45	-0.70943
9839	1	46	-1.2875
9839	1	47	-1.0047
9839	1	48	-0.77491
9839	1	49	-0.91674
9839	1	50	-0.92904
9839	1	51	-1.1199
9839	1	52	-0.65612
9839	1	53	-0.97015
9839	1	54	-0.8954
9839	1	55	-1.7192
9839	1	56	-2.0214
9839	1	57	-2.0713
9839	1	58	-1.228
11914	2	1	-0.79923
11914	2	2	-0.74363
11914	2	3	-0.81837
11914	2	4	-0.4437
11914	2	5	-0.25429
11914	2	6	-0.5812
11914	2	7	-0.60233
11914	2	8	-0.5342
11914	2	9	-0.42219
11914	2	10	-0.85315
11914	2	11	-0.71974
11914	2	12	-0.92185
11914	2	13	-1.0703
11914	2	14	-1.2446
11914	2	15	-0.87028
11914	2	16	-0.37878
11914	2	17	-0.99054
11914	2	18	-0.32998
11914	2	19	0.36489
11914	2	20	-0.23087
11914	2	21	0.17922
11914	2	22	0.3855
11914	2	23	0.55692
11914	2	24	0.52552
11914	2	25	0.63893
11914	2	26	0.66148
11914	2	27	0.65238
11914	2	28	0.52749
11914	2	29	0.50931
11914	2	30	0.31145
11914	2	31	0.1436
11914	2	32	-0.17414
11914	2	33	0.10909
11914	2	34	-0.25276
11914	2	35	-0.13092
11914	2	36	-0.038859
11914	2	37	0.040268
11914	2	38	-0.069377
11914	2	39	0.155
11914	2	40	0.0088495
11914	2	41	-0.68163
11914	2	42	-1.1391
11914	2	43	-0.57225
11914	2	44	-0.84645
11914	2	45	0.18858
11914	2	46	0.1223
11914	2	47	0.0091717
11914	2	48	-0.99218
11914	2	49	-1.0068
11914	2	50	-1.0931
11914	2	51	-1.3051
11914	2	52	-0.10974
11914	2	53	-0.66219
11914	2	54	-0.34518
11914	2	55	0.56173
11914	2	56	0.97741
11914	2	57	1.1391
11914	2	58	1.2811
5175	1	1	1.0239
5175	1	2	1.2401
5175	1	3	1.453
5175	1	4	1.8113
5175	1	5	2.3137
5175	1	6	3.313
5175	1	7	3.1167
5175	1	8	3.1997
5175	1	9	2.6293
5175	1	10	2.3013
5175	1	11	2.4541
5175	1	12	2.3017
5175	1	13	2.6378
5175	1	14	2.2296
5175	1	15	1.601
5175	1	16	1.31
5175	1	17	1.6575
5175	1	18	0.71794
5175	1	19	-0.55239
5175	1	20	-0.34436
5175	1	21	-0.47208
5175	1	22	-0.59243
5175	1	23	-0.97043
5175	1	24	-1.8587
5175	1	25	-1.4149
5175	1	26	-1.7983
5175	1	27	-2.316
5175	1	28	-2.2465
5175	1	29	-2.2343
5175	1	30	-2.3988
5175	1	31	-2.7557
5175	1	32	-3.0756
5175	1	33	-3.1678
5175	1	34	-2.1588
5175	1	35	-3.1167
5175	1	36	-2.841
5175	1	37	-3.7943
5175	1	38	-2.6958
5175	1	39	-2.2207
5175	1	40	-1.2781
5175	1	41	-0.51212
5175	1	42	-0.72825
5175	1	43	-0.76581
5175	1	44	-1.0616
5175	1	45	-1.4957
5175	1	46	-0.35509
5175	1	47	-0.82237
5175	1	48	-0.34428
5175	1	49	-0.043276
5175	1	50	-0.56915
5175	1	51	-0.38651
5175	1	52	-0.21491
5175	1	53	-0.15788
5175	1	54	-0.4082
5175	1	55	-1.497
5175	1	56	-2.2965
5175	1	57	-2.4047
5175	1	58	-1.9422
9506	1	1	0.98997
9506	1	2	1.5709
9506	1	3	1.6223
9506	1	4	2.5249
9506	1	5	2.6054
9506	1	6	3.6676
9506	1	7	3.0687
9506	1	8	2.6426
9506	1	9	0.14083
9506	1	10	-0.075099
9506	1	11	0.68627
9506	1	12	0.045393
9506	1	13	-0.83418
9506	1	14	-0.49673
9506	1	15	-0.33204
9506	1	16	-0.83616
9506	1	17	-1.3025
9506	1	18	-1.671
9506	1	19	-1.5832
9506	1	20	-1.3332
9506	1	21	-1.5965
9506	1	22	-1.2317
9506	1	23	-1.7676
9506	1	24	-1.8897
9506	1	25	-1.9718
9506	1	26	-2.3162
9506	1	27	-2.331
9506	1	28	-2.3796
9506	1	29	-2.1399
9506	1	30	-2.1284
9506	1	31	-1.3623
9506	1	32	-1.8621
9506	1	33	-2.2319
9506	1	34	-1.5028
9506	1	35	-2.0204
9506	1	36	-1.5563
9506	1	37	-1.5661
9506	1	38	-1.6843
9506	1	39	-1.1408
9506	1	40	-1.9366
9506	1	41	-0.93642
9506	1	42	-2.1324
9506	1	43	-2.0376
9506	1	44	-1.4161
9506	1	45	-1.9304
9506	1	46	-2.0632
9506	1	47	-2.1462
9506	1	48	-2.3336
9506	1	49	-2.2837
9506	1	50	-1.5156
9506	1	51	-2.3568
9506	1	52	-1.8262
9506	1	53	-1.9305
9506	1	54	-1.827
9506	1	55	-2.3452
9506	1	56	-2.5024
9506	1	57	-2.3992
9506	1	58	-1.7664
1677	1	1	0.49392
1677	1	2	0.50748
1677	1	3	1.0213
1677	1	4	1.3177
1677	1	5	1.4437
1677	1	6	1.8346
1677	1	7	1.9425
1677	1	8	1.6761
1677	1	9	1.4438
1677	1	10	1.1832
1677	1	11	1.481
1677	1	12	1.0293
1677	1	13	0.92333
1677	1	14	1.3663
1677	1	15	0.89126
1677	1	16	0.79769
1677	1	17	0.98061
1677	1	18	0.030007
1677	1	19	-0.053868
1677	1	20	0.10333
1677	1	21	-0.15901
1677	1	22	-0.21221
1677	1	23	-0.67295
1677	1	24	-0.61341
1677	1	25	-0.63164
1677	1	26	-0.71547
1677	1	27	-1.0346
1677	1	28	-0.94349
1677	1	29	-0.78858
1677	1	30	-1.0334
1677	1	31	-1.4511
1677	1	32	-1.8427
1677	1	33	-1.7253
1677	1	34	-1.39
1677	1	35	-1.4336
1677	1	36	-1.3142
1677	1	37	-1.2767
1677	1	38	-1.3432
1677	1	39	-0.90628
1677	1	40	-0.78193
1677	1	41	-0.67202
1677	1	42	-0.49273
1677	1	43	-0.87698
1677	1	44	-0.55959
1677	1	45	-0.82487
1677	1	46	-0.61497
1677	1	47	-0.66968
1677	1	48	-0.53121
1677	1	49	-0.1648
1677	1	50	-0.36448
1677	1	51	-0.095286
1677	1	52	-0.6651
1677	1	53	-0.39045
1677	1	54	-0.77562
1677	1	55	-1.3247
1677	1	56	-1.1639
1677	1	57	-1.3318
1677	1	58	-1.2161
7430	2	1	-0.47826
7430	2	2	-0.53248
7430	2	3	-0.64984
7430	2	4	-1.9241
7430	2	5	-0.71385
7430	2	6	-0.89936
7430	2	7	-0.97666
7430	2	8	-1.1178
7430	2	9	-1.6219
7430	2	10	-1.5896
7430	2	11	-1.3785
7430	2	12	-0.55225
7430	2	13	-1.4169
7430	2	14	-1.4845
7430	2	15	-1.0522
7430	2	16	-0.63978
7430	2	17	-0.52304
7430	2	18	0.010697
7430	2	19	-0.30595
7430	2	20	-0.39137
7430	2	21	-0.058812
7430	2	22	-0.19731
7430	2	23	0.087949
7430	2	24	0.27921
7430	2	25	0.41393
7430	2	26	0.39551
7430	2	27	0.69758
7430	2	28	0.76925
7430	2	29	0.26941
7430	2	30	0.66833
7430	2	31	0.71016
7430	2	32	0.26457
7430	2	33	0.41245
7430	2	34	-0.20376
7430	2	35	0.44032
7430	2	36	-0.084359
7430	2	37	0.47477
7430	2	38	0.10467
7430	2	39	-0.34477
7430	2	40	-1.1296
7430	2	41	-0.77298
7430	2	42	-1.0072
7430	2	43	-1.1183
7430	2	44	-1.0175
7430	2	45	-1.1824
7430	2	46	-0.58034
7430	2	47	-1.4363
7430	2	48	-1.0394
7430	2	49	-1.0452
7430	2	50	-1.417
7430	2	51	-1.2137
7430	2	52	-1.0072
7430	2	53	-0.89876
7430	2	54	-0.53502
7430	2	55	0.26613
7430	2	56	0.93286
7430	2	57	0.68914
7430	2	58	1.4041
8256	2	1	-2.1578
8256	2	2	-2.4369
8256	2	3	-2.4397
8256	2	4	-2.882
8256	2	5	-3.02
8256	2	6	-2.5325
8256	2	7	-2.3687
8256	2	8	-2.1503
8256	2	9	-2.3904
8256	2	10	-2.0253
8256	2	11	-2.0149
8256	2	12	-2.4346
8256	2	13	-1.9018
8256	2	14	-2.6028
8256	2	15	-2.4781
8256	2	16	-2.6484
8256	2	17	-1.7231
8256	2	18	-1.5891
8256	2	19	-1.6629
8256	2	20	-1.747
8256	2	21	-1.5241
8256	2	22	-1.6891
8256	2	23	-0.65261
8256	2	24	-0.18204
8256	2	25	0.34165
8256	2	26	0.70719
8256	2	27	2.2579
8256	2	28	2.1696
8256	2	29	1.0849
8256	2	30	2.0468
8256	2	31	1.2916
8256	2	32	1.1105
8256	2	33	0.9564
8256	2	34	1.6266
8256	2	35	1.2679
8256	2	36	1.3741
8256	2	37	0.40911
8256	2	38	0.067718
8256	2	39	0.092934
8256	2	40	-1.1088
8256	2	41	-0.60987
8256	2	42	-2.6767
8256	2	43	-1.9503
8256	2	44	-2.8238
8256	2	45	-1.7587
8256	2	46	-1.9005
8256	2	47	-1.7294
8256	2	48	-2.6747
8256	2	49	-2.5421
8256	2	50	-2.111
8256	2	51	-2.8308
8256	2	52	-1.645
8256	2	53	0.042504
8256	2	54	-0.18821
8256	2	55	0.79597
8256	2	56	2.4264
8256	2	57	1.4003
8256	2	58	3.0803
5433	3	1	-0.13425
5433	3	2	-0.23329
5433	3	3	-0.20175
5433	3	4	-0.62691
5433	3	5	-0.80816
5433	3	6	-1.8992
5433	3	7	-2.3735
5433	3	8	-2.5239
5433	3	9	-2.4828
5433	3	10	-2.1844
5433	3	11	-2.2455
5433	3	12	-1.4901
5433	3	13	-2.1304
5433	3	14	-2.0703
5433	3	15	-1.1428
5433	3	16	-1.0724
5433	3	17	-1.1313
5433	3	18	-0.21036
5433	3	19	-0.31316
5433	3	20	-0.099941
5433	3	21	-0.14913
5433	3	22	-0.21452
5433	3	23	-0.012223
5433	3	24	-0.089673
5433	3	25	-0.27305
5433	3	26	-0.3253
5433	3	27	-0.24045
5433	3	28	-0.32318
5433	3	29	-0.50836
5433	3	30	-0.51695
5433	3	31	-0.72729
5433	3	32	-0.40319
5433	3	33	-0.72877
5433	3	34	-0.79741
5433	3	35	-1.0287
5433	3	36	-0.79627
5433	3	37	-1.1574
5433	3	38	-1.4649
5433	3	39	-1.1678
5433	3	40	-0.90867
5433	3	41	-0.73269
5433	3	42	-0.017765
5433	3	43	-0.35069
5433	3	44	-0.63305
5433	3	45	-0.70216
5433	3	46	-0.77182
5433	3	47	-1.0831
5433	3	48	-0.97779
5433	3	49	-0.98144
5433	3	50	-0.70151
5433	3	51	-0.92983
5433	3	52	-0.62219
5433	3	53	-0.57214
5433	3	54	-1.0818
5433	3	55	-0.9223
5433	3	56	0.16176
5433	3	57	0.56869
5433	3	58	-0.52284
9098	2	1	-3.2072
9098	2	2	-3.1093
9098	2	3	-3.3515
9098	2	4	-3.1328
9098	2	5	-2.8916
9098	2	6	-2.911
9098	2	8	-2.5433
9098	2	9	-2.2632
9098	2	10	-2.0722
9098	2	11	-1.616
9098	2	12	-1.9665
9098	2	13	-1.9428
9098	2	14	-1.9284
9098	2	15	-2.1191
9098	2	16	-1.7945
9098	2	17	-1.758
9098	2	18	-1.2232
9098	2	19	-0.5727
9098	2	20	-0.94536
9098	2	21	-0.89382
9098	2	22	-0.7164
9098	2	23	1.1023
9098	2	24	1.4137
9098	2	25	1.9329
9098	2	26	2.4356
9098	2	27	3.4934
9098	2	28	3.1328
9098	2	29	2.5395
9098	2	30	3.1733
9098	2	31	1.8839
9098	2	32	1.959
9098	2	33	1.8446
9098	2	34	1.6232
9098	2	35	1.9893
9098	2	36	1.7864
9098	2	38	1.7587
9098	2	39	1.7208
9098	2	40	0.69304
9098	2	41	-0.43172
9098	2	42	-2.3092
9098	2	43	-2.5603
9098	2	44	-1.8318
9098	2	45	-0.80958
9098	2	46	-0.70384
9098	2	47	0.0025463
9098	2	48	-1.6932
9098	2	49	-1.363
9098	2	50	-1.6496
9098	2	51	-1.6445
9098	2	52	-1.8138
9098	2	53	-1.7163
9098	2	54	-2.1999
9098	2	56	1.2047
9098	2	58	1.1636
15131	2	1	-2.7902
15131	2	2	-2.5524
15131	2	3	-2.0425
15131	2	4	-2.1045
15131	2	5	-1.5762
15131	2	6	-1.7247
15131	2	7	-1.4946
15131	2	8	-1.8115
15131	2	9	-2.1901
15131	2	10	-1.9568
15131	2	11	-2.0513
15131	2	12	0.15937
15131	2	13	-0.96575
15131	2	14	-1.5442
15131	2	15	-0.93174
15131	2	16	-1.4219
15131	2	17	-1.08
15131	2	18	-0.64003
15131	2	19	1.2032
15131	2	20	0.010765
15131	2	21	0.76469
15131	2	22	1.0427
15131	2	23	1.9819
15131	2	24	2.0584
15131	2	25	2.0905
15131	2	26	1.8881
15131	2	27	1.2435
15131	2	28	0.84331
15131	2	29	1.4012
15131	2	30	1.0293
15131	2	31	-0.28936
15131	2	32	-0.54818
15131	2	33	0.48937
15131	2	34	-0.18132
15131	2	35	0.4834
15131	2	36	0.28233
15131	2	37	0.29678
15131	2	38	0.57683
15131	2	39	0.35394
15131	2	40	-0.26434
15131	2	41	-1.1934
15131	2	42	-1.6172
15131	2	43	-1.4672
15131	2	44	-1.3209
15131	2	45	-1.2147
15131	2	46	-0.71576
15131	2	47	-0.79475
15131	2	48	-1.7755
15131	2	49	-1.3593
15131	2	50	-0.68891
15131	2	51	-0.86412
15131	2	52	-0.20407
15131	2	53	-0.54233
15131	2	54	-0.24714
15131	2	55	2.0776
15131	2	56	2.1261
15131	2	57	1.7831
15131	2	58	1.614
10949	2	1	-1.5099
10949	2	2	-1.5155
10949	2	3	-1.87
10949	2	4	-1.7792
10949	2	5	-1.9429
10949	2	6	-2.012
10949	2	7	-1.197
10949	2	8	-0.90152
10949	2	9	-1.0713
10949	2	10	-1.2163
10949	2	11	-1.1657
10949	2	12	-0.46713
10949	2	13	-1.6654
10949	2	14	-1.9698
10949	2	15	-1.3536
10949	2	16	-1.0744
10949	2	17	-0.98049
10949	2	18	-0.76706
10949	2	19	-0.15464
10949	2	20	-0.36091
10949	2	21	0.36327
10949	2	22	0.27185
10949	2	23	0.53632
10949	2	24	0.97095
10949	2	25	1.0734
10949	2	26	1.1096
10949	2	27	1.7406
10949	2	28	1.6457
10949	2	29	1.0535
10949	2	30	1.2861
10949	2	31	0.88486
10949	2	32	1.2849
10949	2	33	1.6269
10949	2	34	0.94397
10949	2	35	1.9107
10949	2	36	1.6124
10949	2	37	2.1197
10949	2	38	2.2532
10949	2	39	1.8136
10949	2	40	0.22014
10949	2	41	-0.92087
10949	2	42	-1.9369
10949	2	43	-1.937
10949	2	44	-2.1627
10949	2	45	-1.5439
10949	2	46	-1.2826
10949	2	47	-1.8036
10949	2	48	-2.2532
10949	2	49	-2.3862
10949	2	50	-1.984
10949	2	51	-2.3265
10949	2	52	-0.023233
10949	2	53	-0.87743
10949	2	54	-0.32979
10949	2	55	1.6081
10949	2	56	1.7863
10949	2	57	3.4716
10949	2	58	1.7669
10693	2	1	-1.6706
10693	2	2	-1.8633
10693	2	3	-1.7941
10693	2	4	-1.9005
10693	2	5	-2.0288
10693	2	6	-2.6508
10693	2	7	-1.8789
10693	2	8	-1.3332
10693	2	9	-2.0486
10693	2	10	-2.0754
10693	2	11	-1.8191
10693	2	12	-1.0318
10693	2	13	-1.8848
10693	2	14	-2.0822
10693	2	15	-2.1328
10693	2	16	-1.3562
10693	2	17	-1.4967
10693	2	18	-1.4228
10693	2	19	-0.43553
10693	2	20	-0.68684
10693	2	21	-0.17186
10693	2	22	-0.017898
10693	2	23	0.24051
10693	2	24	0.55692
10693	2	25	0.62636
10693	2	26	0.85765
10693	2	27	1.1391
10693	2	28	1.2505
10693	2	29	0.83445
10693	2	30	1.1686
10693	2	31	0.54151
10693	2	32	1.0714
10693	2	33	0.76261
10693	2	34	0.57714
10693	2	35	0.89749
10693	2	36	0.76769
10693	2	37	0.70533
10693	2	38	1.1794
10693	2	39	0.95823
10693	2	40	0.091374
10693	2	41	-0.40309
10693	2	42	-1.7602
10693	2	43	-1.615
10693	2	44	-1.5642
10693	2	45	-1.2724
10693	2	46	-1.3008
10693	2	47	-1.258
10693	2	48	-1.2735
10693	2	49	-1.4076
10693	2	50	-0.86137
10693	2	51	-1.562
10693	2	52	0.56904
10693	2	53	0.20466
10693	2	54	0.40973
10693	2	55	1.8705
10693	2	56	1.4415
10693	2	57	2.4995
1378	1	1	-0.30009
1378	1	2	-0.0028192
1378	1	3	0.01685
1378	1	4	1.7111
1378	1	5	2.5692
1378	1	6	3.5631
1378	1	7	2.6037
1378	1	8	3.3339
1378	1	9	2.0959
1378	1	10	1.1893
1378	1	11	1.2186
1378	1	12	1.5457
1378	1	13	1.5274
1378	1	14	1.5534
1378	1	15	1.6092
1378	1	16	0.76756
1378	1	17	1.1001
1378	1	18	0.79854
1378	1	19	0.17324
1378	1	20	0.45146
1378	1	21	-0.18215
1378	1	22	-0.16527
1378	1	23	-0.69817
1378	1	24	-0.80132
1378	1	25	-0.26416
1378	1	26	-0.73839
1378	1	27	-0.69653
1378	1	28	-0.76767
1378	1	29	-0.83233
1378	1	30	-1.1554
1378	1	31	-0.29379
1378	1	32	-0.74948
1378	1	34	-0.53187
1378	1	35	-0.6071
1378	1	36	-0.17858
1378	1	37	-0.39755
1378	1	38	-0.81972
1378	1	39	-0.069527
1378	1	40	-0.4296
1378	1	41	-0.25986
1378	1	42	-0.86598
1378	1	43	-0.81184
1378	1	44	-0.7176
1378	1	45	-0.70874
1378	1	46	-1.824
1378	1	47	0.44805
1378	1	48	-1.1588
1378	1	49	-1.0474
1378	1	50	-0.7128
1378	1	51	-1.6046
1378	1	52	-1.6127
1378	1	53	-1.2834
1378	1	54	-1.4646
1378	1	55	-0.60561
1378	1	56	-1.8979
1378	1	57	-0.94163
17800	2	1	-1.813
17800	2	2	-1.5468
17800	2	3	-1.8535
17800	2	4	-1.6417
17800	2	5	-1.518
17800	2	6	-1.5876
17800	2	7	-1.1776
17800	2	8	-0.92776
17800	2	9	-0.55519
17800	2	10	-0.46922
17800	2	11	-0.49639
17800	2	12	-0.96518
17800	2	13	-0.83886
17800	2	14	-0.99835
17800	2	15	-0.65509
17800	2	16	-0.81314
17800	2	17	-0.50154
17800	2	18	-0.48024
17800	2	19	0.085173
17800	2	20	-0.14656
17800	2	21	0.40238
17800	2	22	0.30629
17800	2	23	0.56055
17800	2	24	0.69524
17800	2	25	0.64815
17800	2	26	0.81082
17800	2	27	1.3061
17800	2	28	1.2525
17800	2	29	0.773
17800	2	30	1.0251
17800	2	31	0.58044
17800	2	32	0.98263
17800	2	33	1.0582
17800	2	34	0.54784
17800	2	35	1.2109
17800	2	36	1.134
17800	2	37	1.2546
17800	2	38	1.6417
17800	2	39	1.1376
17800	2	40	0.083988
17800	2	41	-0.067499
17800	2	42	-0.78773
17800	2	43	-1.1319
17800	2	44	-1.5017
17800	2	45	-0.93007
17800	2	46	-0.4107
17800	2	47	-0.56333
17800	2	48	-1.0376
17800	2	49	-1.2627
17800	2	50	-1.1342
17800	2	51	-1.3224
17800	2	52	0.068414
17800	2	53	-0.44102
17800	2	54	-0.2047
17800	2	55	1.238
17800	2	56	0.97678
17800	2	57	1.572
17800	2	58	0.8015
7565	2	1	-2.0649
7565	2	2	-2.267
7565	2	3	-2.3289
7565	2	4	-2.736
7565	2	5	-2.6242
7565	2	6	-2.3911
7565	2	7	-2.3438
7565	2	8	-2.4359
7565	2	9	-1.7199
7565	2	10	-1.916
7565	2	11	-1.907
7565	2	12	-1.8135
7565	2	13	-1.4666
7565	2	14	-1.3587
7565	2	15	-1.483
7565	2	16	-1.258
7565	2	17	-1.2419
7565	2	18	-0.76389
7565	2	19	0.27932
7565	2	20	-0.38177
7565	2	21	0.22691
7565	2	22	0.6127
7565	2	23	0.78523
7565	2	24	0.73521
7565	2	25	1.189
7565	2	26	1.2331
7565	2	27	1.2198
7565	2	28	1.1854
7565	2	29	0.82822
7565	2	30	1.0845
7565	2	31	0.64536
7565	2	32	0.75396
7565	2	33	1.0945
7565	2	34	0.7805
7565	2	35	1.465
7565	2	36	1.3482
7565	2	37	1.0696
7565	2	38	1.6814
7565	2	39	1.6881
7565	2	40	-0.13959
7565	2	41	0.1298
7565	2	42	-1.7667
7565	2	43	-1.4062
7565	2	44	-2.0362
7565	2	45	-1.5186
7565	2	46	-1.2403
7565	2	47	-0.98331
7565	2	48	-2.2802
7565	2	49	-2.0245
7565	2	50	-1.8417
7565	2	51	-2.2423
7565	2	52	-0.10815
7565	2	53	-0.94332
7565	2	54	-0.43899
7565	2	55	1.1745
7565	2	56	1.281
7565	2	57	1.9511
7565	2	58	1.3293
8723	3	1	0.38609
8723	3	2	0.49621
8723	3	3	0.27106
8723	3	4	0.52798
8723	3	5	0.64974
8723	3	6	0.39951
8723	3	7	0.35059
8723	3	8	0.092336
8723	3	9	0.34667
8723	3	10	0.086345
8723	3	11	-0.058399
8723	3	12	0.1397
8723	3	13	0.0046862
8723	3	14	0.21375
8723	3	15	0.43467
8723	3	16	0.038462
8723	3	17	0.17312
8723	3	18	-0.70196
8723	3	19	-1.2219
8723	3	20	-1.164
8723	3	21	-0.96399
8723	3	22	-1.439
8723	3	23	-1.1791
8723	3	24	-0.80696
8723	3	25	-1.2866
8723	3	26	-1.275
8723	3	27	-0.85485
8723	3	28	-0.83844
8723	3	29	-1.3278
8723	3	30	-1.3487
8723	3	31	-0.49621
8723	3	32	-1.0378
8723	3	33	-1.5265
8723	3	34	-1.2573
8723	3	35	-1.0738
8723	3	36	-1.2892
8723	3	37	-1.3397
8723	3	38	-1.0056
8723	3	39	-0.65868
8723	3	40	-1.7747
8723	3	41	-1.6357
8723	3	42	-1.1527
8723	3	43	-1.4047
8723	3	44	-1.3668
8723	3	45	-2.0062
8723	3	46	-1.3933
8723	3	47	-2.0862
8723	3	48	-1.0876
8723	3	49	-0.85722
8723	3	50	-1.3112
8723	3	51	-1.525
8723	3	52	-1.3382
8723	3	53	-1.072
8723	3	54	-1.3831
8723	3	55	-1.939
8723	3	56	-0.59218
8723	3	57	-1.0532
8723	3	58	-0.16516
4468	3	1	-2.5838
4468	3	2	-2.764
4468	3	3	-2.3922
4468	3	4	-2.7309
4468	3	5	-2.6163
4468	3	6	-2.8835
4468	3	7	-2.3395
4468	3	8	-2.7239
4468	3	9	-2.252
4468	3	10	-2.6999
4468	3	11	-1.9798
4468	3	12	-1.8271
4468	3	13	-3.0194
4468	3	14	-2.4282
4468	3	15	-2.6319
4468	3	16	-2.0558
4468	3	17	-2.5744
4468	3	18	-2.9578
4468	3	19	-2.2049
4468	3	20	-2.2496
4468	3	21	-2.3323
4468	3	22	-2.1977
4468	3	23	-1.8155
4468	3	24	-1.5337
4468	3	25	-1.1055
4468	3	26	-1.8779
4468	3	27	-1.9381
4468	3	28	-1.9513
4468	3	29	-1.5836
4468	3	30	-1.4386
4468	3	31	-0.64091
4468	3	32	-0.74621
4468	3	33	-1.0965
4468	3	34	-0.92915
4468	3	35	-1.4551
4468	3	36	-0.81951
4468	3	37	-1.4372
4468	3	38	-0.64898
4468	3	39	-0.55435
4468	3	40	-1.5133
4468	3	41	-1.7801
4468	3	42	-2.8072
4468	3	43	-2.1376
4468	3	44	-2.228
4468	3	45	-2.5776
4468	3	46	-2.0375
4468	3	47	-1.5044
4468	3	48	-2.3069
4468	3	49	-2.1376
4468	3	50	-1.6664
4468	3	51	-2.4527
4468	3	52	-0.33095
4468	3	53	-0.7711
4468	3	54	1.1506
4468	3	55	2.9691
4468	3	56	3.5009
4468	3	57	2.8835
4468	3	58	0.81016
3573	3	1	-0.6002
3573	3	2	-0.85355
3573	3	3	-0.59307
3573	3	4	-0.96863
3573	3	5	-1.2549
3573	3	6	-1.2476
3573	3	7	-1.2819
3573	3	8	-1.2215
3573	3	9	-1.1295
3573	3	10	-1.1324
3573	3	11	-1.0564
3573	3	12	-0.96113
3573	3	13	-1.1498
3573	3	14	-0.59721
3573	3	15	-0.97901
3573	3	16	-1.0689
3573	3	17	-1.125
3573	3	18	-1.1842
3573	3	19	-0.71227
3573	3	20	-1.0388
3573	3	21	-0.93141
3573	3	22	-0.88634
3573	3	23	-0.82168
3573	3	24	-0.77656
3573	3	25	-0.82573
3573	3	26	-0.60789
3573	3	27	-0.69569
3573	3	28	-0.74296
3573	3	29	-0.32223
3573	3	30	-0.78054
3573	3	31	-0.85635
3573	3	32	-0.85452
3573	3	33	-1.0228
3573	3	34	-0.78708
3573	3	35	-0.99687
3573	3	36	-0.89283
3573	3	37	-0.79915
3573	3	38	-0.87398
3573	3	39	-0.83541
3573	3	40	-1.1011
3573	3	41	-1.2227
3573	3	42	-1.2293
3573	3	43	-1.0708
3573	3	44	-0.89701
3573	3	45	-0.46645
3573	3	46	-1.2829
3573	3	47	-0.73478
3573	3	48	-1.146
3573	3	49	-0.67587
3573	3	50	-0.60377
3573	3	51	-0.57572
3573	3	52	-0.98262
3573	3	53	-0.71057
3573	3	54	-0.73836
3573	3	55	-1.0249
3573	3	56	-0.68233
3573	3	57	-0.14793
3573	3	58	0.064206
2457	3	1	-0.60649
2457	3	2	-0.48247
2457	3	3	-1.2019
2457	3	4	-1.734
2457	3	5	-0.3734
2457	3	6	-0.8626
2457	3	7	-0.79553
2457	3	8	-0.93697
2457	3	9	-1.5921
2457	3	10	-1.1111
2457	3	11	-1.5206
2457	3	12	-1.6674
2457	3	13	-1.8888
2457	3	14	-2.0566
2457	3	15	-2.729
2457	3	16	-1.5131
2457	3	17	-1.7839
2457	3	18	-1.8843
2457	3	19	-1.6295
2457	3	20	-1.6142
2457	3	21	-1.3707
2457	3	22	-1.6143
2457	3	23	-1.2832
2457	3	24	-1.2093
2457	3	25	-1.8257
2457	3	26	-1.4968
2457	3	27	-1.3344
2457	3	28	-1.173
2457	3	29	-1.6312
2457	3	30	-1.1131
2457	3	31	-0.62312
2457	3	32	-0.70205
2457	3	33	-1.0231
2457	3	34	-0.79068
2457	3	35	-0.79858
2457	3	36	-0.71482
2457	3	37	-0.68275
2457	3	38	-0.67075
2457	3	39	-0.60547
2457	3	40	-1.2601
2457	3	41	-0.80877
2457	3	42	-1.8324
2457	3	43	-1.4516
2457	3	44	-1.4864
2457	3	45	-1.7459
2457	3	46	-1.6272
2457	3	47	-1.5206
2457	3	48	-1.6363
2457	3	49	-1.5739
2457	3	50	-1.4586
2457	3	51	-1.6633
2457	3	52	-1.1393
2457	3	53	-0.5076
2457	3	54	-0.30912
2457	3	55	1.3953
2457	3	56	1.8888
2457	3	57	1.7916
2457	3	58	1.9369
9090	2	1	-2.6442
9090	2	2	-2.7789
9090	2	3	-2.5737
9090	2	4	-2.8648
9090	2	5	-2.2742
9090	2	6	-2.5058
9090	2	7	-2.5716
9090	2	8	-2.4819
9090	2	9	-2.0632
9090	2	10	-2.2503
9090	2	11	-2.6557
9090	2	12	-2.0771
9090	2	13	-2.2775
9090	2	14	-2.1053
9090	2	15	-2.61
9090	2	16	-2.7219
9090	2	17	-2.2947
9090	2	18	-2.589
9090	2	19	-2.1912
9090	2	20	-2.3053
9090	2	21	-1.7013
9090	2	22	-1.649
9090	2	23	-1.5332
9090	2	24	-1.1913
9090	2	25	-0.85137
9090	2	26	-0.45222
9090	2	27	0.75715
9090	2	28	0.51396
9090	2	29	-0.36522
9090	2	30	0.52134
9090	2	31	0.36923
9090	2	32	-0.37695
9090	2	33	0.26288
9090	2	34	-0.17058
9090	2	36	0.34689
9090	2	37	0.93715
9090	2	38	0.88018
9090	2	39	1.0394
9090	2	40	-2.4244
9090	2	41	-1.907
9090	2	42	-3.603
9090	2	43	-4.1606
9090	2	44	-2.887
9090	2	45	-3.1615
9090	2	46	-3.0522
9090	2	47	-3.4183
9090	2	48	-3.7764
9090	2	49	-3.535
9090	2	50	-2.9324
9090	2	51	-3.3939
9090	2	52	-2.4336
9090	2	53	-1.7179
9090	2	54	-1.4915
9090	2	55	0.2099
9090	2	56	1.2184
9090	2	57	2.5413
9090	2	58	3.603
